-0.26207064716564216
0.14387136208631024
-0.18282648956430142
0.1648778197469865
-0.15305604766047032
-0.37482105566316154
0.33197716417949175
0.18467497871865218
0.14458682823571523
-0.3798572065441565
0.27285098888512865
0.25970171861855035
0.43972822065274136
-0.42833030017077767
-0.38107391760764786
-0.4543102045881347
0.3436868379112764
-0.43706815938606
-0.4020700553498139
0.4435103349244904
0.34749162960128066
-0.33572279620103157
0.4927572965970212
-0.03806752551677983
-0.44275393095682547
-0.1031880518758802
-0.2038420497706096
-0.03044158107941397
-0.07812579815578913
0.34578337834787576
0.18023805861830833
0.09077761068095896
0.0032010897991495146
-0.3606389054773698
-0.4201650459654491
0.49224139783714516
0.5149031150785415
-0.5063526025956485
-0.3073583779056567
-0.3582439584565551
-0.4283924622998988
0.36675558388103924
0.5676392097045447
-0.024980800375485113
0.22121549744653557
0.46176633266517375
-0.49634225756387734
0.25032284347420003
0.4050768590048406
-0.3466454716668694
0.4918621097004368
-0.25602369984022133
0.3378240328988305
-0.3448040247547257
-0.5094950037644024
0.44771150014394356
-0.5146282472354231
-0.17623387311076621
-0.22829431100921327
0.23273414440719248
0.2657072179751587
0.42214191092698566
-0.09215521772576563
0.4342267219091499
0.4534525968941301
-0.41045026335995305
0.16183528558026344
-0.46906279038580306
-0.5154564623510258
0.364922043847384
-0.44458235851474764
-0.4246753977172554
-0.34195550946543596
0.5048799655384114
-0.277407021188111
-0.43744202449320235
0.11789267491976235
0.5404714527418601
-0.25342394368457855
-0.35944825450378304
0.03331340283995232
-0.41324084559663
-0.17657382869261617
-0.32933213753282364
-0.005037057376088727
-0.342292994307941
0.5994756317224187
0.17959041891081928
0.4044698878067887
-0.14638330070320915
0.4196163333232166
0.22939572458918095
0.3139432576123749
-0.08829214585631473
0.41148753456709763
0.01912003423601244
-0.07369154556737578
-0.17235943822067412
-0.06524942388082444
0.4995644028570577
-0.46190243024648464
-0.13947418034468384
-0.37350787199119406
