0.0
0.5
0.3333333333333333
0.5
0.4
0.3333333333333333
0.2857142857142857
0.375
0.4444444444444444
0.4
0.45454545454545453
0.5
0.5384615384615384
0.5
0.4666666666666667
0.4375
0.4117647058823529
0.3888888888888889
0.42105263157894735
0.4
0.38095238095238093
0.36363636363636365
0.34782608695652173
0.3333333333333333
0.32
0.34615384615384615
0.37037037037037035
0.39285714285714285
0.41379310344827586
0.4
0.3870967741935484
0.40625
0.42424242424242425
0.4117647058823529
0.42857142857142855
0.4166666666666667
0.40540540540540543
0.39473684210526316
0.41025641025641024
0.425
0.43902439024390244
0.42857142857142855
0.4186046511627907
0.4318181818181818
0.4222222222222222
0.41304347826086957
0.40425531914893614
0.3958333333333333
0.40816326530612246
0.4
0.4117647058823529
0.40384615384615385
0.41509433962264153
0.4074074074074074
0.4
0.39285714285714285
0.38596491228070173
0.39655172413793105
0.4067796610169492
0.4
0.39344262295081966
0.3870967741935484
0.38095238095238093
0.390625
0.4
0.3939393939393939
0.40298507462686567
0.39705882352941174
0.391304347826087
0.38571428571428573
0.38028169014084506
0.3888888888888889
0.3972602739726027
0.3918918918918919
0.4
0.40789473684210525
0.4025974025974026
0.3974358974358974
0.4050632911392405
0.4125
0.41975308641975306
0.4268292682926829
0.43373493975903615
0.44047619047619047
0.4470588235294118
0.45348837209302323
0.4482758620689655
0.4431818181818182
0.43820224719101125
0.4444444444444444
0.43956043956043955
0.43478260869565216
0.43010752688172044
0.43617021276595747
0.43157894736842106
0.4270833333333333
0.4329896907216495
0.4387755102040816
0.4444444444444444
0.44
0.43564356435643564
0.4411764705882353
0.44660194174757284
