-1.1126968119442548
0.6022506834453887
-0.7501386018188073
0.696503123973041
-0.622071538351247
-1.8471373303528635
1.5809991829639776
0.7880523600163463
0.6098520383836081
-1.8089727650402976
1.2515722658072939
1.2126467365740095
4.782055857644826
-2.0247966146785306
-1.7782899303955042
-2.649406071933808
1.6638802998973936
-2.4925994694979403
-2.324133279040964
2.3810530658573184
1.6791037070319776
-1.5789210931400557
4.170873465198528
-0.15239098669835494
-2.5153862138450336
-0.420220397581318
-0.8793491711268351
-0.12284131793878882
-0.31978766204074577
1.587188252232807
0.7477981418843804
0.3672291878675687
0.012808225763769016
-1.7903580758541267
-2.6665739983238907
2.98743047177118
15.952110624875244
-4.034557644021821
-1.4654317214065036
-1.987546169881168
-4.53741851165168
1.6057907616006686
8.424440623195734
-0.1005417033772813
0.9279029188178479
2.995306016237265
-3.732646407113013
1.08230381122276
2.2806315488374604
-1.606334261091321
8.774444715986396
-1.0809796658283042
1.7411006255819996
-1.5539664741498664
-4.276375028848775
2.714172933750394
-5.362582885637703
-0.7478392412600877
-1.024141089459401
0.9685461772096843
1.1439684784250876
2.3764456812371595
-0.37061826634777895
2.8520588026195983
7.147748001194076
-1.9152481043868
0.7030981552230406
-2.5377791463865402
-4.611228985085351
1.8074968054390623
-2.6404486361104933
-2.716453712770796
-1.8968917166326853
2.9141163687553595
-1.3289332914844754
-4.812676143903982
0.4753287630177881
3.51695681963506
-1.1873906339275082
-2.18099900531152
0.13579559695051285
-5.155008523743261
-0.8589508436428848
-2.4886649332752184
-0.022038544352360745
-3.6680350920664577
3.346730234753268
0.7308811024044466
1.7868612530990478
-0.6626478267975493
1.9198956562751328
0.942020681771447
1.3677846939564402
-0.36265277988313904
2.0805491190620216
0.07648959970787222
-0.2976648160021522
-0.7264635101367265
-0.26502383572278587
3.563247870211232
-3.096719448047804
-0.5846152546156511
-2.181605034314989
