0.0498513981493
-0.0394753537173
0.000160466911889
0.0298220144287
0.0562728008835
-0.00762847942413
-0.0305555201934
0.0745061811008
0.0300813679853
0.0577912769601
-0.0703901696999
0.0493453439914
-0.0815178114644
-0.0131365640317
-0.0127944405512
-0.0745713362151
0.0535450350941
-0.0707744473707
0.0161413958086
0.0938293943787
0.0495320046995
0.0268266463967
-0.0163511828852
0.0136618739328
-0.0303777677398
0.0985290188549
-0.026830414955
-0.0601120910574
-0.0599099071626
-0.073250710986
-0.0135551908469
-0.0460679556129
-0.0673401227979
0.0891986985538
-0.0164769111417
-0.0517889870074
-0.0206396873258
0.0543415662904
-0.0127586582249
0.0368136832662
0.0796792290746
0.0286682538428
-0.0176510427063
-0.0618880608386
-0.0120670611086
0.0291163811876
0.0407962285508
0.0971270248452
0.0878435482015
-0.0475233408322
-0.0317253289054
0.0136781417289
-0.0221658776484
-0.0355003907163
0.0325093705634
-0.0901841136809
0.00928921274861
0.0150989694056
-0.0382569016065
0.022873795192
0.0910392028109
0.0516429732127
-0.0923365312452
0.0740118429743
-0.0022107910545
0.0529108792036
0.0448428488741
0.0511820351253
-0.0502116145923
-0.0989203538206
-0.0454335985039
0.0092285004849
-0.0745193832106
0.0103811494229
-0.0756137474763
-0.0140757251465
-0.0825147995337
0.0728018858154
0.0407718390267
-0.0707882378962
-0.0516261929006
0.0899448871659
-0.0707581814369
0.074034692086
-0.00124319045316
-0.0341495910861
-0.0352287638241
0.0102209101777
-0.0991623610896
-0.0573243211516
0.0193967186255
0.0316291028587
-0.0864896952154
0.0171586008974
-0.0428506308294
0.0964027585343
0.0638072148801
0.0793907518446
0.0837746192182
-0.0252103512306
-0.0406516113403
0.095447356071
-0.0973275578633
-0.0506435836044
0.0351709865238
0.00413951035752
-0.0107300455999
0.0484863937078
0.0791747409012
0.0188350153614
-0.0988952565385
0.0775262367296
-0.0176823697219
0.0541585614212
-0.0753317841076
-0.0243684380111
0.040830297116
0.0963924710792
0.0166365560677
-0.0140286917037
0.0212967927206
-0.0852158574303
0.0155358472243
-0.0733217654616
0.0159373644493
-0.0826524450648
-0.0587050611194
0.0511134542765
0.0438948277296
-0.0492396469033
0.0702933373503
0.0974084588343
-0.0214115420496
0.0845062059353
0.0407656045397
0.00482073657118
-0.0691679473129
0.0118203361857
-0.0449311506203
-0.0184687606877
0.0518708282183
-0.0574330362545
-0.0720433132832
0.0100800174131
0.0321926354297
0.0271802964814
0.0857837432392
0.014716865568
0.0129817126757
0.0995706935676
0.0648051227818
0.0556085794695
-0.0122978759369
-0.0948163466709
-0.0875392276362
0.0752734057102
-0.0949204717439
-0.00787848245679
-0.031371106495
0.0870588388178
-0.0962948376228
0.076816792446
0.0718392182233
-0.0230466653709
0.0781057600078
-0.0912419946318
0.0157254400086
0.0610244703368
-0.0206318928979
0.0213014829224
0.0213469998607
0.0465138094324
-0.062682963301
-0.0628436834879
-0.0958952469222
-0.0679135755414
-0.0256170147256
0.0683117997122
0.00947400001297
0.0629300069322
0.0141112843668
0.0770247668376
0.0443119154024
-0.017899287052
-0.00835096105387
-0.0629109249638
0.0367866110375
-0.0203531423768
-0.0546960175337
0.0663639993223
-0.0176477932534
-0.0594055264234
-0.0535863606648
0.011394987061
-0.0561735116089
0.00141387695217
-0.0708986075278
-0.0177432001571
-0.0857405761936
0.0953976396058
-0.09855123135
0.0509751827042
0.0833098965887
0.0218514719771
0.010945941402
-0.0526388048178
-0.0491734984513
-0.0675452388087
-0.0525829685806
0.0471920138363
0.0597326290479
0.0806834754624
0.0160960538816
-0.0061219715346
-0.0576161846883
-0.0552106766969
-0.0723094268174
0.0608832376388
0.0547404200428
0.0211111121936
-0.0771457105388
0.0397841808392
0.0954917986667
-0.0483566042082
0.0776069778911
-0.0495061160592
-0.0524211207492
0.0361992917437
0.0325534946607
0.0227627018592
-0.021538613356
-0.0662107258416
-0.0187735063048
-0.018556619642
0.0839891988613
0.035844279297
-0.0356525727822
0.0864623432969
0.0141440413915
0.0230862906315
0.0899206579351
0.015717034804
-0.0165934712026
-0.0445179132078
0.0319748302839
-0.0674736169583
-0.0190773572004
-0.0198761326026
-0.0587237834645
0.0556750807648
0.0137978941435
-0.0406544197128
0.0259547399791
0.0846660784692
0.055159391056
-0.0133330478941
0.0288426850484
0.0634048335677
0.0271295975975
-0.0430490888307
0.0381464494357
-0.0315743822963
-0.0495245157402
0.0640826520878
-0.0528574523449
-0.00368406296689
0.0453341734244
0.041313140518
-0.0433704488968
0.0757463751517
-0.0868786808854
-0.0235395832153
0.0463271828366
-0.0369067631625
0.0490877269383
-0.0937400222142
-0.00929839395853
0.0147614761043
0.0896242886741
-0.030378088228
-0.0400031721445
-0.0193009141936
-0.0425351423346
-0.0455550562231
-0.0962656756073
-0.0916738606037
0.0423747325005
0.00822792237453
-0.059884799789
-0.0813229747207
0.014370855548
0.00867531723007
0.0133180247532
-0.0976452865346
-0.0760537097763
-0.0910173983157
0.0987549777572
0.0672449289447
-0.0764666073497
0.0568267811087
-0.01463881336
0.0502486240793
0.0317442750899
0.0774635606675
-0.0708354520632
0.0676121243271
0.0563267787549
-0.025235401793
-0.0423743133477
-0.0324333673481
0.0977892765121
0.0441273645866
-0.00619316053374
0.0846165670105
-0.0508363820716
0.0596660992964
0.0841461337975
0.073653128358
-0.0510701821438
-0.0708756524728
-0.0410991241415
0.0768978414625
0.0132014230753
0.0651413706233
0.0516113281632
0.0633532945301
0.0313690679798
-0.0172066738779
0.0331310773796
-0.0452136711978
0.0207499136556
-0.00420967976498
-0.0954036042331
-0.0352033476682
0.0437491702514
0.00714146561478
-0.0148670757261
0.0797851448415
0.0404642026288
-0.043617917491
0.0119324662581
0.0575489168108
-0.0648324829377
0.0582588330283
0.0538641746122
0.0610216778458
-0.090118991244
-0.0950317856027
-0.0960036811018
-0.0071311134311
0.0585774013963
-0.0682820239816
0.0288577660619
0.0728143327039
-0.0575442741186
-0.0958216475964
0.0671624454873
0.0331432934922
0.0775375059242
-0.0666781142467
0.0497717484274
0.0204020504851
-0.0954042582139
-0.0171936415011
-0.0417896361379
0.0201669691544
-0.0811921458311
-0.0770702385656
0.00604089422946
-0.0380491284718
-0.0192886607662
0.078525922099
-0.0912247981982
-0.00779841209509
0.0823862758483
-0.0667741544166
0.000159504700637
-0.0667133871541
-0.0244834954826
0.0318108129988
-0.0140586997489
0.0847531914768
0.0455296159006
-0.0255138398766
-0.0901245442076
-0.0823478006059
-0.0641117759399
0.0831826049491
0.0234451938551
-0.0959956441704
-0.0950684112486
0.0347197000037
-0.0373514732218
-0.0620226230686
-0.0276649182469
0.000539100280301
-0.0825898468204
-0.0058830533264
0.0289275238103
-0.0142808169432
-0.0867648442325
-0.0641607667222
0.0425278250261
0.0639718936205
-0.00769675774054
0.0585070046076
-0.0615941380118
0.0964203599907
-0.0164257282605
-0.026389437028
-0.00784974176045
-0.061913301511
-0.0858527556508
-0.0783472983339
-0.0732252600513
0.0907580742587
-0.0560267550396
-0.0222942664634
0.0791835236997
0.058559455756
0.0684016631757
0.0765016572188
0.0410024475614
0.0668340398539
-0.0708478516969
0.0410216031137
0.0509969663914
0.0406652259027
0.0193784369137
-0.0743512358204
-0.0971241417377
-0.0651533918679
0.0612908994397
-0.0998180465478
0.0473652957804
0.00338790654683
-0.0365033426405
-0.0125813079897
-0.0229098342665
0.0790102515513
-0.0705708003234
-0.0574900375452
-0.0362832688691
-0.052506975699
0.0518415460457
-0.0884918202701
-0.0573911318475
-0.0430430109844
-0.0439212194338
0.0812550309856
0.0835799922282
0.0746706343834
-0.0328576150273
-0.00865590951852
-0.0867778838126
0.0656012767515
-0.0292957901833
-0.0127181545949
0.0651265897626
0.0672092515172
0.0626965900405
0.0173607375125
0.0437671148272
-0.057388993675
-0.0492337048426
0.0725314726069
-0.0346069644838
-0.093440262846
-0.0951234685099
-0.0973198230468
-0.0809500647919
-0.0184250894811
-0.0860646084139
-0.00152430459306
0.000702170547275
0.0328372746714
-0.00574442331273
0.0812108437847
-0.0822218215685
-0.00970298107943
-0.036238315868
-0.0473106914517
0.0846473660153
0.0947124664852
0.0930484909339
-0.0140704944187
0.0917122854356
-0.0575593423261
0.0168538778161
-0.0146243296585
-0.00492325361238
0.016396023862
0.0466084201813
-0.0295921824096
-0.0652353322414
-0.0821869150377
0.0948839962465
-0.0436810970578
0.0131395487621
0.0676360948196
-0.0151869924604
-0.0946324289591
-0.0629283858729
0.0435122070748
0.0124298553956
-0.0502880612832
0.0306201276671
0.0169775544877
0.0221803938765
-0.0524418602485
0.055285084995
-0.0336778135757
0.0781062248109
0.0895041505838
-0.0726215795036
-0.0244013942839
0.0299622485903
0.0840079370132
-0.033345809687
-0.0882916970743
0.0737227075407
0.0178670115625
-0.0199307923845
-0.0350861611062
0.0526107964699
-0.02486200069
0.0718083448748
-0.0589917757926
-0.00525244398949
-0.0138456733196
0.0892685197365
0.0769384097166
-0.0318245327255
-0.00379728554224
0.015188967515
0.0855067723516
0.0774029520264
0.0444453637128
0.0239589669311
0.0666122341912
0.0462393146879
-0.0204536695896
0.00302675743574
0.0538416777454
0.0511719981398
-0.082348115795
-0.0312383344349
-0.0855295699816
0.0385456104733
-0.00852202521824
0.0735448388168
-0.0410537762015
0.0693601014669
-0.0543968752144
0.0856669502266
0.000224200002498
0.00386799267188
-0.00829967142109
0.0769632875339
-0.0607471335811
-0.00817935206692
0.0637156833708
0.0593753835746
0.0958503464463
0.0162235505359
0.082370271824
-0.00219825169952
0.0330179881811
-0.0343909745246
-0.0729202068008
-0.0385735771153
0.0692015713044
0.0470839506965
0.0276244700996
-0.0346365681716
-0.052724357742
0.0482458191232
0.0607431870586
0.0396343044593
-0.0712867196782
0.0377894892828
-0.0988909359219
-0.0741629913034
-0.0608842023443
0.0664864015724
0.0950505768471
0.0575471904652
-0.099396005087
-0.0111897365511
-0.00865798774146
0.0447693281013
0.00879308150938
-0.00158768663202
0.0121528577745
-0.0277106106878
-0.0326086605007
0.0753874595609
0.0163222338096
0.0126562360132
-0.0984453111224
-0.0470046421336
0.09927330684
0.011805063526
0.0934520987076
-0.0362438800437
0.0276288900141
0.00807943941252
0.0268965912299
-0.00172396769177
0.0232712095113
-0.0260574843169
-0.081588258118
0.097588220106
0.0621050438037
0.0942350622793
-0.0361378009104
0.0460169782351
0.0143500371175
0.0558013592218
0.000319104326121
0.0134688384536
0.0484518344734
0.0986033093124
0.0971266074094
0.0507907578644
-0.063805471226
-0.0661637646147
0.0894999680235
0.0620352508227
0.058618055065
0.0138408566004
0.0347132902897
0.0295428412724
-0.0219177314703
0.0871783012173
-0.0353832074764
-0.0736043151353
0.0718680686209
0.0676884451052
-0.0656706104875
-0.0290727284027
-0.0145125721013
-0.0686127794269
-0.0550049430188
0.0111340477788
-0.0154296156209
0.00302799556489
-0.00248576456239
-0.0431387963592
0.0737104358945
-0.0341712585188
0.0843573703748
0.0916863584996
-0.051574120093
-0.0312968012912
0.0760014639027
0.0465466657867
-0.00772417123722
0.008108377132
-0.0499333297434
-0.0597594859994
0.0916617361821
-0.0321585304678
-0.000617080545714
-0.0230992314676
0.0072219239052
0.0202847882826
0.00703488876834
-0.0981695320474
0.0815684173362
0.0855094719443
0.0690986908109
-5.65806014904e-05
-0.0650311616351
0.0404178913499
-0.0228882044515
-0.0317812258466
0.0389004092902
-0.0559446042299
-0.0114394540829
0.0321428085417
-0.0126899985566
-0.0411724905578
0.00687190289468
-0.0289964833524
-0.0855396236158
0.0123542796025
0.0133155343643
-0.06510481064
-0.0592912613327
0.0178661593532
-0.0366862359298
0.0857079677366
0.00721142143682
0.0168847712915
0.0667055057911
0.0616005985919
-0.0325124564334
-0.0699125344588
-0.0899564983427
-0.0665334165102
0.0166688343759
-0.0120286516479
-0.0276099949464
0.0353811217222
-0.00608459009183
0.0281627013062
-0.0973168784322
0.0948520191429
0.0793509433789
-0.069882814053
-0.0880002102491
0.0318029871893
0.0436443926689
0.0265314808976
0.0843703847008
-0.028378111045
-0.0382356556084
-0.0702962080815
0.0391208321006
-0.0100840259016
0.0832388518809
-0.0937180878035
0.0740384148586
0.0630358913026
-0.0232380709675
-0.067484951348
0.0802169864939
-0.0921480431094
0.0596409975122
-0.0277638652945
-0.0900664912392
0.0921377379424
0.00368485313351
-0.00651223658534
-0.0135842522161
-0.0242487072924
-0.0472299562588
0.0152178926575
0.0976867620598
0.0535631922195
0.00525538589674
-0.0220791636034
-0.0994550792838
0.0109436030212
0.0337556606338
-0.072822939384
-0.0706831533909
0.00705157039017
-0.0804645721133
-0.0394203936235
-0.0304408867663
0.0751230128173
0.0727009530815
0.0212185067686
-0.0420238341252
-0.00633380681689
-0.0203426465855
0.0630733885226
-0.0822652240872
-0.0441754907527
0.0997801240248
0.0369857204155
0.0348828085238
-0.0159595103057
-0.0890654313834
0.090669044076
0.0634292423546
-0.0790787189382
-0.0250185938153
-0.0649967221882
0.0942320129453
0.0969110877113
-0.0554929937795
0.011745613431
0.0557424310715
-0.0183571339614
-0.0882796200018
0.0841068822995
0.0962231034176
-0.0450305501807
0.0103614878055
0.0041240249278
-0.0984709849492
0.0414579460837
0.0931870354399
0.0423650692835
0.00849172790062
-0.0395522463664
0.0421884844843
-0.0647389493699
0.0870379221325
0.0542914517483
0.00236018523942
0.0989996308694
0.0457736599467
-0.0753389779726
-0.0759787828905
-0.0399269206584
-0.0533480694472
0.0249869869255
0.0458290281711
-0.0687196286716
0.0687715044109
-0.0121336708637
-0.0807685737415
0.068960544618
-0.00590677284575
-0.0775953070597
-0.0615465121712
0.0915068926709
-0.0559107217919
-0.0338125432762
-0.0360425111912
-0.00282568073483
0.0723076205214
0.0640711318293
0.083620261251
-0.0537693688155
-0.00564396691038
-0.0667364216221
-0.0686176424559
-0.0777035436957
-0.0999789732101
-0.0762494651611
-0.0229318673968
0.0124373800147
0.0603785010361
0.0760414227065
0.0889295787062
0.0297254869704
0.0916178298648
-0.0538413394836
0.000375867816372
-0.0224171402013
-0.0601634344215
-0.0459989963873
0.0971900106303
-0.0927046025355
0.0368134460339
0.00250249291488
0.0609066796153
-0.0568011832287
-0.0485240477435
-0.0778260437131
0.0611790713437
0.0392802741251
0.0882380697914
-0.0585954374958
-0.0889333195881
-0.0225149313953
-0.0780813818225
-0.0375726626708
0.0336989360996
0.0174996125419
-0.0564051077049
-0.00631041779395
0.0717003958631
-0.0774747598916
-0.0758129109451
0.0818186543305
0.00536605391801
0.0553797724535
-0.0594641029782
0.0334750023146
0.0379733045763
0.0167166903688
0.0103963044682
-0.0690493931181
-0.0916718912419
-0.0421544726066
-0.0113861212017
-0.0247697829805
-0.0822523969037
0.0347141308692
0.0456166579254
0.0457349561079
0.0639139283157
0.0388592802526
-0.0102295404988
0.0999609986749
-0.0582273276452
-0.0480906224498
0.0293420841358
0.025566458063
-0.0810402084836
0.0596081046963
-0.0393585259219
-0.0868152376473
-0.0286854843211
0.00865427036964
0.00235866537571
0.077913418847
-0.0433086479287
0.0599510194131
0.0774375867726
-0.0704423310752
-0.0170279270179
0.0079016136592
-0.0631520582068
-0.0470744182452
-0.0467501015535
0.0552496336818
0.0293352034708
-0.0430827572717
-0.0300873073988
-0.0691550481689
0.021005877341
0.0639029669772
0.0777984622068
0.0525189934489
-0.0680953477739
-0.0189864600158
0.038621813095
0.0436238963197
-0.0619602935597
0.0514918654342
-0.0901162126752
0.0688903711347
-0.0484303887901
0.0799886726906
-0.0514557053932
-0.0720862312785
0.0254993894748
0.0120063350702
-0.00707792221359
-0.0937701918482
0.093169397391
0.0502676146981
0.0834452625619
0.00883640393085
-0.0436277517645
-0.0808504381647
-0.0202356427833
-0.0875996804675
0.0138087433497
-0.0883027675378
0.0835040523209
0.0629693421236
-0.0496199217706
-0.0549884298371
0.00303412783229
0.0746929359097
-0.0385534856965
0.0418274923683
0.0400265405803
-0.0430648418066
-0.0385316306603
0.0740154826065
0.00726602839712
0.00411932779104
0.0200782238486
-0.024767250674
-0.0860508131923
0.0226259222426
0.0716368221681
0.0569613612014
-0.0718223951683
0.0523106241072
0.0320181293901
-0.0538988346721
-0.073098509314
-0.0520026394359
-0.0299241334613
-0.0638967653791
-0.0878579223527
-0.0451194100993
-0.0312407790193
0.0661750044304
-0.055130932415
0.0783965321976
0.00162450195616
0.0310494811964
-0.00721147163596
-0.0294827632469
-0.0606738448887
-0.0374478985257
0.0589482823471
0.0228278566452
0.0394111179005
-0.0937535174316
-0.0182916460087
-0.0163456166514
0.0809386869219
0.070845461626
0.0897310296564
0.0283342911875
-0.0583140754886
0.0681551448314
-0.03436626703
-0.0742887412386
0.070852296465
0.0232380409714
0.0450886135172
0.0382536438832
-0.0531811063321
-0.0447489822458
0.0602081913767
0.0822923566124
0.0609075478103
-0.0424646790346
-0.0231045724545
0.0127695081964
-0.0535562288228
-0.075176589593
0.0330351944066
-0.0603976946442
-0.00827276006153
0.0290501096612
0.0361955889932
0.0165529653557
-0.0423078652786
-0.0305109889667
-0.0867161298122
0.0548844299063
0.0217760779376
0.043347798754
-0.00853205040785
0.0786888656784
0.00103453809641
-0.00603628135714
0.0124036261068
0.019410295367
0.0856261672765
-0.0259188190757
-0.0825301943633
-0.0169403720622
0.0316099060747
0.0120711496085
-0.0486988554711
-0.0411884186866
-0.0810321799508
-0.0759778546985
-0.0413744343361
-0.00140294964487
-0.0941204778723
0.067487136306
0.0337156050371
-0.0604350875904
-0.071266952567
-0.0671632537253
-0.0957254797727
-0.0323871475921
-0.0821082813685
-0.0810958428477
0.0350191234478
-0.0210505083169
0.0835618222636
0.0569781480171
0.0901699731779
-0.0359887553611
0.099081107373
-0.0634116741257
0.0948048680968
-0.033989333684
0.0964641191349
0.0506168084142
0.0981935285363
-0.0419635764029
-0.043727831566
0.0887885087592
0.000238614967194
-0.055373862402
-0.0655989376067
0.0944821988613
0.0983906964329
-0.0187386001363
0.011997004791
-0.0332993069451
-0.0285565391113
0.0881388904915
-0.0937441932706
-0.0671744254351
0.0944771532735
0.00148312828922
-0.0399879062126
-0.0860527844375
0.0683125031014
-0.064205685119
0.0701092380195
-0.0222091145019
0.075176869156
-0.0912431036874
-0.0948834444576
0.0443423944146
-0.027090999731
-0.0327062921592
-0.0971544009326
-0.0151513362319
0.0906030822243
0.014876164024
-0.0757597590783
0.0409902966459
0.0598232381961
0.0608304963665
-0.0531354151746
-0.0503684807074
0.0696484727808
0.069582600358
-0.0070739509474
-0.0424102060272
0.0502004885287
-0.0312196076663
0.0280149802723
-0.0630489514899
-0.0613176805308
0.0995349726857
-0.0486701372448
-0.0246414596819
-0.0796036705517
0.0826673883006
0.0319344321837
0.0633454391296
0.0774071307609
0.0416793874153
-0.0808709599352
-0.0637767523591
0.0458472681127
0.0778423443063
-0.0171112676188
0.0207777807102
-0.0309061173252
-0.00262107104534
-0.0785081824375
0.0799229620754
-0.0910910661983
-0.023200247347
0.0473640233839
-0.0328568653676
0.0376424505966
-0.0965391812444
-0.00344060470825
0.0518396119372
-0.0290678093617
-0.0612550894843
-0.0560115523934
-0.0935547372299
-0.0834921246698
0.0486709810761
-0.0719140012295
-0.0754554908408
0.0825796431459
-0.035325230112
-0.0693989595461
0.0116051380934
0.06654493566
-0.0265167029094
-0.0225235751607
-0.0293890396943
-0.0372016693791
0.0213301185387
-0.0155094782717
0.033285031198
0.059359219564
0.0757233748294
-0.030886019573
0.0895895634972
0.0994933221873
-0.026435295716
-0.039115186353
0.0237609437688
-0.0238309481299
0.0973423942958
-0.0784461944102
0.0765264333253
-0.0968301114324
0.0505931232705
0.0780164979641
-0.0525045746725
0.0351628256801
-0.0936499169626
0.0741516366645
-0.0563547176965
-0.0564051866051
-0.0225732760555
0.00717766868811
0.0914098973611
0.0764305607016
0.0119240269409
-0.0679245808293
-0.00743804189933
-0.0975179155078
0.0924228945668
-0.00696261289039
-0.0807219849196
-0.0934811136249
0.00863969263049
-0.00930651510458
0.0265391297903
0.0609253884566
0.019091883099
-0.0566168509162
-0.0746189466939
0.0766583163804
0.099169124031
0.0982954346921
-0.0018450587698
0.0232830142495
0.0272556784401
-0.0320272535395
0.0606497759779
-0.0744778764728
-0.0867883345659
0.0279427221204
-0.0340339715089
-0.0449019952789
0.0592455583739
-0.0311985551591
-0.00487155381808
0.0194784771044
0.0285180450247
-0.0660484549645
-0.0158142473348
-0.0292727569571
-0.0688889177722
0.0286187965475
-0.0594375416559
-0.0834449321107
-0.0436257761289
-0.092931794485
0.0447193583219
-0.0253980660443
0.0682119324083
0.00689471811732
-0.0454961540684
-0.0619668574033
-0.00827548134336
0.0746186929676
0.0313967917629
-0.0475489254866
0.00291247940624
-0.0744701229406
0.0746838639167
0.0932529737543
-0.052559856807
0.0210107314539
-0.00598720527616
-0.0281331936633
-0.0674803309526
-0.0687009607412
0.0546778458388
0.0700185491915
0.0746043880838
0.0685774304914
-0.0952743406913
0.0211969781185
0.0551300173436
-0.003802730055
-0.013924632325
-0.0505802557404
0.0261951091222
-0.0101600774091
0.0623025711887
-0.0945361712952
-0.0052006250361
0.0305419887406
-0.0709509578284
0.0784768229662
-0.0187401706303
-0.0411605872486
0.0339603070758
-0.085720703826
-0.0942723045792
0.0692983273486
-0.000729032777342
0.0818569857413
-0.0395305138649
-0.0421334056604
-0.08132100798
0.0623841907725
-0.0271642112546
0.0983528308733
0.000726079173603
0.0977552998483
-0.0852766199323
-0.0274429072343
0.091171885975
0.0511640141685
-0.0813263182671
-0.0586438757148
-0.020742146781
0.0450721812445
-0.021674324854
-0.0479007438466
0.0850899005649
-0.066409693024
0.0874866034381
0.0117478056557
0.0776553899451
0.0230847658182
-0.0621302751243
-0.0758074080572
-0.0455104923544
0.0857932531317
0.0486511823212
-0.0996537178556
-0.0771757005007
-0.0957828217458
0.0303321432988
-0.062768800092
-0.042021769809
-0.0187163422904
-0.0410102422165
-0.0297853793081
-0.0132916309917
0.0145843532438
-0.0700560137653
-0.0293580822801
-0.0138235744804
0.0439129606822
0.0571864470815
-0.0895292884367
-0.0614372642703
0.048922623031
-0.0221439519718
0.00284829253028
0.045123528154
-0.0645939173531
-0.0310107557957
0.00785044031805
-0.0977640678198
-0.0970966312074
0.0299188956805
-0.0297284435488
-0.0156360116535
-0.0676122926145
-0.0290848904588
-0.0518294682419
-0.0615375889607
-0.0400172508485
-0.00553328190409
-0.0094902331603
-0.0543492960963
-0.0464300003409
0.0868464031381
0.0837063325365
0.0181621737272
-0.0199493499594
0.0858215058644
-0.0338324693809
0.0652445214849
0.0256059425158
-0.0530329811457
-0.0419636638861
-0.0929225871246
0.0173105173258
0.0811629445375
-0.0704336732282
-0.0620095309301
0.0274244066085
-0.0206240182447
-0.0401282089692
-0.0445394329082
-0.00398259667703
0.0841161695681
-0.0343030219349
0.0323909439215
0.0996034084635
-0.0388276088542
-0.0439889358896
0.0744823986275
0.00384518009326
0.0718834831547
-0.033163934471
-0.0998378087531
0.0350232971134
-0.0456539937816
0.0733281138148
-0.01623762515
-0.0700964998179
0.0116628677112
-0.0850675088718
0.0620408746276
-0.0311178311682
0.0124429805667
-0.073200387609
-0.0648055575399
0.0360303473824
-0.0111907247911
-0.00953456613306
-0.0768283535546
-0.0137043813101
-0.00588431774273
-0.0024926290532
0.0248928784982
-0.00414725761839
0.0446247325842
0.0761834580479
0.0998892296814
0.098878201989
0.0499149211922
0.0641534309301
0.0934768950056
-0.0518174930883
0.0791787764253
-0.086775465512
0.086201651883
0.0863587519364
0.0243167470243
0.0416370957415
0.0504683230488
-0.0862155841901
-0.0921178923869
-0.0973869855683
0.0911368446998
0.0372411781415
0.0193605044814
-0.00588262852399
0.0508673792834
-0.0810018410095
0.0133844858155
-0.084634172305
0.06118296932
-0.0504617510285
0.0709556362495
-0.0679598346623
0.0541871599438
-0.0259094084719
0.0686518061543
-0.0955689669509
0.035158968653
0.00545773661375
0.035609962124
-0.0696271008768
0.0101058617865
0.0182652988329
0.0991811107732
-0.0825210024788
-0.033817580999
0.041735350931
-0.068309568109
-0.0945411239809
-0.0748383976441
-0.0519142970329
0.0780342046236
0.0532150432996
-0.0853382602718
-0.0530806974884
0.0256878957889
0.0852525556151
0.0761441153538
-0.0185091505676
-0.0419887470029
-0.0676879773345
0.0843894786467
-0.032226455776
0.0740501287133
-0.0368377320759
0.0125766546599
0.015366202027
0.0814716036482
0.0207299896625
0.0654935495358
-0.00498518966725
0.0252384242109
-0.0503622941227
-0.0528782352219
0.0322525002609
-0.0682391564122
-0.0597440249329
-0.0284027333805
0.051144983808
-0.00578306896083
-0.0184600140561
0.0693750827347
-0.00473642827927
0.0590594560096
-0.0702770656843
0.0845148528465
0.0447749079625
-0.0465816852275
-0.0946119209906
-0.0415661075506
0.0362154613787
-0.0663462387481
-0.0861282294437
0.0776965131536
-0.0812026624024
-0.0579273711233
0.0300763796004
0.0344199996311
-0.0121862123062
0.0134161665823
0.0692705329943
0.0741307097444
-0.0140727888664
0.0829725373301
-0.0596702288711
0.00387749242851
-0.0677819200852
0.00420900501188
0.0319059744836
-0.0180343677659
-0.0974267042827
-0.00240183648869
-0.0992273032843
0.027817633384
-0.0973784858984
-0.0457129350008
0.022938486103
0.084875459302
0.0191577856155
0.0482153884895
-0.0296157447632
-0.0994679214456
-0.0863555500687
-0.0929510027306
-0.023248859384
-0.0308287136086
0.0559634136138
0.0781492004682
0.0781231395314
0.0916036130167
-0.0151619007829
-0.0393453043908
-0.0627748447604
0.0343446164886
-0.0569806413173
-0.0394600608169
0.098907471228
-0.0817538744478
0.0721694995856
0.0651397867011
-0.0863187932956
2.17704941782e-05
0.0926094360241
-0.00662726554364
-0.061260088181
0.0690187966811
-0.0340055393303
0.0279688347286
0.0740339031698
-0.0949231178757
0.00973288156535
-0.0314720327742
0.0970867731987
-0.0717298215382
0.0395988069587
-0.0822216099506
0.000410805548562
0.0351811823264
0.023696864248
-0.0182898569051
-0.0848676768489
0.0477531040753
0.0538920556005
-0.037068145206
0.056400705334
0.0524281867641
0.0681363318216
-0.0110986463788
-0.0775161810642
0.0600781437967
0.0594085186016
0.0568261001804
0.0254168653863
0.0669571880044
-0.0928155266134
0.0969922384082
0.0152904353243
-0.0823696110862
-0.0876820146185
0.0895656188653
-0.0887547291821
-0.0688752053531
-0.0392973625272
-0.0334172302697
-0.00840572125893
0.0749253309026
-0.0180405738435
-0.0585720577665
-0.0458491143397
0.039011218798
-0.0453467105081
-0.0533251586255
0.0995692051526
-0.0505965917544
-0.011882691786
0.0614878897147
0.0141736225703
-0.0658757345012
0.0869753685075
0.0506602654126
0.0852313177744
-0.00837258916186
-0.0399713163938
0.0698752180546
0.0322959945015
0.0178352539101
0.0791986246858
0.0429144336464
-0.0416300343155
0.0175824341136
-0.0914243923344
0.0428498083181
0.0132758163566
0.0446220467074
-0.0133600382326
0.0616150997762
-0.00957789505449
0.0169025322501
-0.0523435933489
0.0343416617347
-0.0690934663192
0.0221387735347
0.00701627588326
0.00708366978242
-0.0407670215303
0.00425228536296
0.0316225258522
0.0286656552559
-0.0322602482496
0.0681770574372
0.0703422374513
-0.0556745288828
0.0252724857677
0.0362511994468
-0.0366028719395
0.0734573837411
0.0616079992263
0.0997834697631
-0.0184975329751
0.00305785684348
0.095428240334
-0.0415661634729
-0.0298543936359
-0.0785416667822
-0.00220909197274
0.0717220681617
0.0668401350572
0.0839838148677
-0.099920465072
-0.00975027664616
-0.0955658178322
0.0125631203816
0.00196863282202
-0.027898272723
-0.0626401891144
-0.046629912641
0.0376021655292
0.022639673066
0.00429978286023
-0.0551613319
0.0517724242694
-0.0883951522756
0.0151859122501
0.0746937354648
-0.0984957577705
0.0487501878882
-0.026637646019
0.00459966010117
0.0761018081887
0.0557415930898
0.0101933315059
-0.0840956495016
0.0672387936911
-0.0741661326361
0.0495620040855
0.0449200738208
-0.0991581649859
0.0673279916543
0.0213470829573
-0.00351273508197
-0.003833097822
-0.0761941565243
0.08322499078
-0.0164633792377
0.0199172497048
-0.0959605775319
0.0215283372414
0.0774756790348
0.0277926136919
0.0487452302823
0.070484124638
-0.0370297382765
0.0892231136286
0.0025472787084
-0.0785089107636
-0.0922272296735
0.0859587802034
-0.036976762007
-0.00922734250337
0.0532151008809
-0.0266361197503
-0.0691859199602
-0.0289830881178
0.0868134200918
0.0587008939164
-0.0910192640143
-0.0552732362296
-0.0549266139127
0.0679570068917
0.0983211013785
-0.0363106011937
0.0292311915555
0.0621277749305
-0.0210978527915
-0.011146086918
-0.0661808997912
0.0682809913384
-0.00119899740665
-0.064111535994
-0.0985206323136
-0.0583954423493
-0.0667855389756
-0.0656342390569
0.0455969715446
-0.051971225584
0.0243267714117
0.0588711359614
0.0513088572787
-0.0131976326092
-0.0131099005154
0.0853771275662
-0.0460027442295
-0.0323751308963
-0.0249252021687
-0.0556884267399
0.041931744283
-0.00906897999109
0.0316830242915
-0.0454285366
-0.0368098545144
0.0805257481933
-0.0116282383643
0.0983240857143
-0.0373963516839
-0.0648962183849
-0.0800995270819
0.0654906493544
-0.0905027649883
-0.0794484282253
-0.0505242785111
0.0475642382931
-0.085320445211
-0.0568095674459
-0.0153000635572
0.00946563633309
0.0130266196352
0.0353923760238
0.0289042703409
0.0575234596253
-0.0790779196294
-0.0145139757234
-0.0228454046837
-0.0610378851757
-0.0302547378538
0.000142330350673
0.0544685375504
0.0754832085221
-0.0467219068531
0.0504369832111
0.0879488452633
0.043281675263
-0.0213480281501
-0.0401210046352
-0.0923910898107
-0.056886114248
0.0038560127151
-0.00688090235485
-0.0953811081292
-0.0777034071056
-0.0620725931115
0.0902955895063
0.00149710492318
-0.0976338101343
-0.0706832954822
-0.00631527049115
0.0344641706463
0.0479682760918
-0.0125953517548
0.0344946635453
-0.0314299292154
-0.0884241477067
0.0785275236587
-0.0485430259329
0.047021830294
0.0284380673583
0.00154903695431
0.0491229986882
-0.0785986309999
0.0165535039269
-0.0848039075764
-0.0687964780991
-0.051375635005
-0.0925755526854
-0.00116699902084
-0.0512130612215
0.0122844088592
-0.0386755395616
-0.00400024786062
0.0894649268679
-0.0387122550924
0.0327609932168
0.032357449191
0.0284514612219
-0.06282491442
0.0145270578208
0.0957315864319
-0.0229106690562
0.0763145089931
-0.0497903183778
-0.0469616294253
-0.0672736038746
0.0995228354259
0.0184556787016
-0.0567877724801
-0.00279464909133
0.00664169082329
0.0511322786361
-0.0235551472735
0.0433236765459
-0.000963444984066
-0.0453591424852
0.0932781183029
0.0246396984645
-0.0941184939695
-0.00687788157466
0.0532002372019
0.0554494266607
-0.0279043782634
-0.0362210790208
-0.0120823296359
-0.0908656221569
-0.0202699104123
-0.0467696843774
0.0263729378664
-0.0448158873541
0.0303892951178
0.0721367130667
0.0721712047899
0.0257116485401
0.0497254780032
-0.0138559232773
0.0794854166798
-0.00018102605733
0.0448810088347
-0.0306788047651
-0.0776580849779
0.012749827563
-0.0285728568589
-0.0448305620161
-0.0316916550216
-0.0438379072597
-0.0153463814478
-0.0993290189539
0.0610357785983
-0.0841256916708
-0.0479124951346
-0.00304955539086
-0.094808086299
0.0286613260274
0.0203270084114
0.00110111856075
-0.0162736762577
0.0725569402587
-0.0492976851379
-0.0368529688611
-0.0405022028819
-0.0274778628492
0.0311739918477
-0.0408750206429
-0.0184435542067
0.0407516815495
-0.0303108211855
-0.0703953336255
-0.0950474957323
-0.0845397811253
0.0263116808513
-0.0713348393063
-0.0407814780848
0.0790850730993
0.0849960860052
-0.0284563912098
-0.0316567954592
0.0306437303964
-0.000727083813701
0.0672422058217
0.0318766316348
0.0239708873975
0.00943963304268
0.0741225383042
-0.0960087180503
0.0252449818912
0.00109234112321
-0.0671847158021
0.0544956572154
-0.0986806746453
-0.0308630759891
0.0486734382398
-0.0438873190586
0.0444399179376
-0.00558377408668
-0.0754747870515
-0.0619733985065
-0.070951727212
0.0574685922438
0.00343070239114
-0.0960654214229
-0.0385108878879
0.0118662690895
-0.097623374212
0.0944953642325
0.0562293513382
-0.0250465148958
0.0534698982716
0.0594612262863
-0.0232031654265
-0.0446214419285
-0.0727119200464
-0.0759633539007
-0.030900932253
-0.0152691155701
0.0653539142337
0.0974504979224
0.00207459217774
-0.049644568887
0.0242613034848
-0.0671721840431
0.000992718650685
-0.0365983458875
-0.0768481356977
0.0710478334297
-0.0680061364604
-0.0748843316955
0.00399782111454
-0.0421044068081
0.0488737238809
0.0803620242469
0.0901786555358
-0.0839395087932
0.0893457338876
0.0510087420321
-0.0210999326743
0.0661344143189
-0.0488601278988
-0.0493255563797
-0.0208588669606
0.0447022169617
0.0013799620027
0.064536846194
-0.0338949934962
-0.0718885359915
-0.0682528580453
0.018738577731
0.081442615265
-0.0243795928112
-0.0365528659796
-0.0950827270756
-0.0652805694718
0.0443051970101
-0.0620483504261
-0.015862620319
0.0541688413023
-0.0306559377675
0.0761747868683
-0.0394241590768
-0.0741002820731
0.046190071048
0.0350395444472
0.0869049031674
0.0536596715457
0.0963064972236
-0.0197878335064
-0.0423670490026
-0.0862457077808
-0.0492192711621
-0.0189708520153
-0.094676875001
0.0464301569734
-0.00566177701818
0.0684180190588
0.0321620498038
-0.0923471449276
0.0703802316444
-0.0667421080899
0.0872433478843
0.0120081338803
-0.0880917248946
0.0264178082702
-0.000245108013317
0.0472935365764
0.084968769785
-0.00867214887037
-0.0468408349005
-0.0728207783482
0.023338644171
0.0688274105779
-0.0558664829547
0.0666945902337
0.00959118630037
-0.0103528087467
0.0241603533616
0.0924423833771
0.0850703606978
0.0751729710889
-0.0985395049183
0.0269812360128
-0.0911495371397
0.00343753445603
-0.0236045748581
-0.0723095768429
0.0340422609841
-0.0912839465659
0.0712053404061
0.0521454124701
0.0827285633194
0.096606769944
-0.0502691204943
0.0953460003483
0.0123977583107
0.0433933115029
0.0956924420671
-0.0609419104691
-0.0977518185939
-0.0566366214048
-0.0580899301377
0.0360820299679
0.0551730649953
0.00681082913822
-0.0842985951282
-0.0780196215563
0.0486929757556
0.0630257281867
-0.00330590463681
0.0271397014954
-0.0604625929892
-0.0303560565199
0.0318306214971
-0.0860617467795
0.0538104251607
0.0247063014009
0.0842623688331
-0.0989798515464
-0.0307486998819
-0.0267715685352
-0.0520586634763
-0.0191348555153
0.0711873662821
0.0376356426202
0.0141980948752
0.0376992504392
-0.0167476422217
-0.0680628180345
0.0296419029966
0.0427493609125
0.0861688479394
0.011104433142
-0.0855449954818
-0.0155091216337
-0.0693681892114
-0.0760007419434
0.0242956002493
-0.0116628967055
0.056178895
-0.0461711787295
0.0361038815405
-0.0131641459978
-0.0904089009887
-0.000175902345526
0.000881061860643
0.0184863590789
0.0692885720161
0.0577593633656
-0.0689879382609
0.0913517045056
-0.0166567145068
0.0398852521554
0.0761808074067
0.0126789581049
-0.0559340315552
0.0268991546534
0.0726319691712
-0.00283505291244
-0.0688099199958
0.00656216299689
-0.0444045090551
0.0488163039514
-0.0106522706101
0.082980104404
0.083267625029
0.0343788138725
-0.023483033501
-0.0243738435364
0.0447030817414
0.0529664698153
0.00371702035073
-0.0628493796571
-0.0459655534125
-0.0861710462831
0.0314618629506
-0.0342832225696
0.0556264265264
0.087802318
0.0463563846616
-0.0254890578868
0.0674355171255
0.08565567668
0.0143103762637
0.0680587591534
0.0537718565923
-0.0382699179379
0.0685931154361
-0.039811563491
-0.0708123543269
-0.0816942449883
-0.0575733095686
0.0516965328866
-0.00526507051472
-0.0538306248486
0.0789084048893
-0.04163932734
0.0369678855603
0.0474388732152
0.00661047873499
0.0926267303357
0.0976226941059
-0.0507584909487
0.0295996208034
-0.0201738718472
-0.0292438765287
-0.0145312867561
-0.0988150982167
0.035055390027
0.046888479955
-0.0495594186349
0.00041361514122
0.0415521781687
-0.000559345218655
-0.04659583402
-0.0654718429065
-0.0469708777162
-0.0920482788538
-0.00855487778835
0.0970961711284
-0.0962810513013
0.0405063784007
0.0178759197022
-0.0309060254833
-0.061873829318
0.0314518353324
-0.0809761730292
0.0496680156149
-0.093422510185
0.0917175452977
0.0361020940296
0.0109720832298
-0.0214816013466
0.0925424628907
-0.00480634060306
0.0892435425888
-0.0501926973479
-0.0127410520984
0.081232899169
-0.0406305459427
-0.0980938801643
-0.0212862071693
-0.0799512455166
-0.0891253251791
-0.0303164059241
-0.0731070780518
-0.0985712681549
0.0876319499493
0.0769096764095
0.0737323607673
0.072810547179
-0.0239081031873
0.0118753218248
0.0196321554251
-0.00717332939069
0.0362365156791
0.0295818180269
-0.0683986967598
-0.0108537549882
-0.0830667274858
0.00765216023362
-0.00615603711507
0.0604644353486
-0.0343584625525
-0.0276813463076
-0.00789186021375
-0.00670211885804
0.0158438807392
-0.0893615833815
-0.0879969549527
0.0496859349293
-0.0757529272461
0.0715943323229
-0.0115672312088
-0.0659639662939
0.040647026439
-0.0934715377075
0.0178859084079
-0.0417967300436
0.0698310982064
0.00462473828962
0.0913871229241
0.0105715265849
-0.0693255369712
0.0261132341371
-0.0766867025785
0.0488244336043
0.0373825181819
0.00131429205922
0.0613329298714
0.0066117740515
0.0850200042704
0.0786981322055
0.0458494386592
0.0966709897389
0.0251860818898
0.00982174500002
0.0603269646338
0.0469952538853
-0.0615742980035
0.00288747460648
-0.0400880186197
0.0656488339429
0.0191700520299
-0.0181599314515
0.0547637897142
-0.0144391855096
0.0313367111934
0.0333487713656
-0.0936965002279
-0.0983571177035
0.0238698296861
0.0158379755376
-0.0583324197206
0.0169479391192
-0.0233139959038
-0.0873640808338
0.0871713575097
-0.0754107883297
-0.0309366805441
-0.0914069452385
0.0603466434009
-0.0928709352108
0.0911300032597
0.0331397761215
0.0288396638166
0.0938025196682
0.0442372482385
0.054020670117
0.0329865093438
-0.0782640161765
0.0730704081643
0.0898847796212
-0.023370595883
-0.00313340823462
-0.0995575145622
0.0542935065618
-0.00850743337137
-0.0578409747346
-0.0259473599898
-0.0392425552249
0.0500401127197
0.0741972188263
-0.0248042513831
-0.000174184659723
-0.0548881879541
-0.036412154701
-0.0251201545357
0.00952075432505
0.07757749731
-0.0423684227275
-0.0445970508777
-0.0569258553226
-0.0803085942914
-0.0888168087254
0.0688611963375
-0.0302534073798
-0.00267441494815
-0.0207551620701
-0.0412463376151
0.0448979154431
0.0518467479644
0.0322986621349
-0.0551117681376
0.0330453417744
0.0772364457988
-0.0524458963855
-0.0991546651199
-0.0277605934563
-0.0285387593468
0.0602801815847
0.074614103311
-0.0661929702807
0.0791027580158
-0.0507635337108
0.00185146953402
0.0718746281465
0.0343445401934
-0.0613419773408
0.0224080997944
-0.0139312328482
-0.0713189628193
0.0692386555175
0.0735603098403
0.0820217015423
0.0419985079411
-0.0709413010606
-0.0768661113192
0.0667216768945
-0.0618734775511
0.0512521414528
-0.0715536252003
0.0915973134212
0.07557747164
-0.0875433930742
-0.0981105055453
-0.017532012486
0.0200149635439
0.032795564082
0.0688667237305
0.0885087536808
0.0528946550309
0.0118925713365
0.0167746350316
0.0603204768505
-0.0159994428147
0.0917023786829
-0.0296191201495
0.0741547142633
0.0608141328463
0.0772851594171
-0.00656093510266
-0.0447663878988
-0.0670869218711
-0.0920911682992
-0.00948475562851
0.0631718630863
-0.0762976564485
0.014059752233
-0.0803061758027
-0.0928489163889
-0.0742472659875
-0.0951305641711
-0.0559221973835
-0.0396215263674
-0.075121484234
0.0227641152588
-0.036557854628
0.0319649405983
0.0565483130771
-0.00695592170517
-0.0159740628299
0.0625689298477
-0.0571894913888
-0.0137941129479
-0.0454015439816
0.0398385297229
-0.0486062689934
0.0957260898667
-0.0555747202826
0.0220110167567
0.0881220798407
-0.0103565028162
-0.0671857037935
-0.0110012717355
0.0320951699293
-0.0993826069062
0.0669168928885
0.0670258254671
0.0638934487784
-0.0311306393812
-0.0185557282384
0.0390506672675
0.0677972014753
-0.0406682687742
0.08293252742
-0.0556433362391
0.0933763586875
-0.0670166028667
0.0631454044022
0.0013635753644
0.0397951126657
-0.094215767126
0.0622330886061
0.095071220715
-0.0316769868557
0.0469590336566
0.0773347403852
-0.0735025259258
0.0641658677851
0.0694318698729
0.0402093957031
-0.0262914838396
-0.0950695161963
-0.029495283268
-0.0720608944158
-0.0540961493461
0.0855379648519
0.0362975783363
0.0634584575934
0.0198370813283
-0.0571975673491
-0.0529120407413
-0.078954385746
0.0874481087997
0.0120948207262
0.074550429055
0.0919055603697
-0.0486653162074
0.0608839930145
0.0310126271602
-0.0575406610899
-0.0677809801996
-0.0552010230842
0.0198445905004
0.0312268092162
-0.0733635743483
-0.0513215616758
0.0104122066725
0.0457344604032
0.0301281046931
-0.0176310311835
-0.0485707743538
-0.0265320437119
0.0308986268211
-0.0957859723031
-0.036083659423
0.01647268993
0.0637815891795
0.0145747243198
-0.0895018483555
0.0428512851945
-0.0126432217576
-0.0144090482733
0.0584074598328
0.0633621650925
0.00183280627416
0.0343790674578
0.0932102375574
-0.0594672925271
-0.0861532469427
0.0675334745761
0.0596329808112
0.0621148250356
-0.0168435578618
-0.0169577754055
0.00236608048631
0.0266657544769
-0.0913717665946
-0.027877486125
-0.0295725308579
0.0379513625354
0.058554641949
-0.0247767372571
-0.0113186539894
-0.0384532831636
0.0373999993532
-0.0569750746554
-0.085574201392
-0.0137551556537
0.048077253776
0.0903912499812
-0.0256961292403
-0.0518474202294
0.0930638850878
-0.0749530976436
-0.0697868361075
0.0897566271623
-0.0831167547923
-0.0306177741459
0.0242615268918
-0.0561057778377
-0.0926873042744
0.0886185704627
-0.0352608749816
-0.0830307085877
-0.0753093665589
-0.0240907234296
-0.00643582657465
-0.0895442295204
0.0951297938943
-0.0698531414772
0.0922292471248
-0.0878483994504
0.0451428374012
0.00866830304614
0.0250071690557
0.0610668167772
0.0637716894987
0.0770063754311
-0.0723685063598
-0.0863701990674
0.0195794916304
0.0326189078254
0.0739631911618
0.0123550360682
-0.0686256613445
0.0677434618184
0.0683979317588
-0.00438018662542
0.0112095663396
-0.0348979459862
0.0666575694853
-0.0989361442542
-0.0634729514702
-0.0128162337274
0.00359153489419
-0.0476444063337
-0.0410896527569
0.0310668947414
0.0481600448626
-0.0996143026174
0.0408074442333
0.00122834975347
-0.0927856593049
-0.0730713919167
-0.0133121311769
0.0603632367442
-0.0530511017499
0.036874295765
0.0172802100748
0.0518973483511
-0.0850196241764
-0.025249911922
0.0105614442231
-0.0118128016023
0.0910504330205
0.0511144554893
0.0515004456363
-0.099235590951
0.0241551029622
-0.0988855325036
0.0890341532946
-0.0301010536469
-0.0963945232919
-0.0858301244546
0.0987245463373
-0.0413453211382
0.085814173115
-0.00277490186354
-0.0269845198806
0.0386286341485
0.0818568066407
-0.0215953310814
0.0563681304607
-0.088022336184
0.0334528776584
0.0391456711988
-0.0583755522879
0.0348428942321
0.0124076258338
0.0663121363591
0.0367437121569
-0.061471802539
-0.032068077569
-0.092155204736
0.00252519897715
-0.0262623738828
0.0123166932349
0.0168736943741
-0.0630415461535
0.0113633648365
0.0812848553531
0.0958306158034
0.0642957664945
-0.00377813021245
0.0188095301957
0.0465342779555
0.0808498500734
-0.0251890217247
0.00150785948623
-0.0439785505726
-0.00245520846102
0.0706027413231
-0.0401747296601
0.0398398143673
0.0309039812843
-0.0236728242109
-0.0882952329385
0.0739108173951
0.00624592257531
-0.0183555487264
0.0132697596644
0.00982598732762
-0.0339312750048
0.0447826356434
0.070399496734
0.0931119670769
-0.0649361404598
0.0463797116324
-0.0098418898226
0.0600268041035
-0.0115222968824
-0.0384996123604
-0.0362279213486
0.0470321453213
-0.0263159341081
0.026571950685
0.0127360855262
0.0685084004563
0.0358440257547
-0.0895061865556
0.010775134508
0.055852900588
-0.0921809267609
0.0141941219901
-0.0989892609718
0.0134298991759
0.0603335116894
-0.0156224551483
-0.0221950059376
-0.0228482755665
0.0444368972481
-0.0837177273817
-0.0974289239927
-0.0243117866759
0.0688025750057
-0.0638057299477
0.0482946636974
0.0866644088043
-0.0486260666921
0.0728256971778
-0.0902682293704
-0.0746347555763
-0.062016554339
0.075623270091
-0.0902457657429
-0.0298187742681
0.047000756848
-0.0208267021445
-0.0218118812849
-0.0350003402849
0.0208590205776
-0.00398505062444
0.0460043407568
0.0682245381213
0.0165208638908
-0.0883881629523
0.0411979336863
-0.0446273974911
-0.0658929264152
0.0800498388587
-0.0803138516747
0.0936052126015
-0.0901772420501
-0.0929312860385
0.0203990557204
-0.0396361187584
-0.0223645075112
0.0526285235024
0.0326352352948
-0.0382096838816
-0.0260686496925
0.0603683924568
0.0221738565068
-0.0654963088779
-0.0752759191007
0.0359970892161
0.0654901607236
-0.0877119101954
0.0632523548498
-0.0215932594499
0.0145828720385
0.0803403656502
0.0061044348009
0.0467435635223
-0.0251164304737
0.0391770454012
0.0482219755709
0.0583373193262
0.00656989065703
0.0133795927979
-0.0562483441575
0.014529584847
-0.0686115892718
-0.0504508294474
0.0927168906776
-0.0687911307884
0.0556069376497
0.0848190734371
-0.0426705080241
-0.00501514529124
-0.0680532259919
-0.0401767471648
0.0884044340266
0.0992577315614
0.00760579717598
0.0881252331994
-0.0555392264664
0.0679879536614
0.0590052789511
-0.0692706564492
0.0247124393025
-0.0802195090599
-0.0616428943698
0.068214351499
0.0368197559935
-0.0707783324584
0.0206313975468
0.0544397229062
-0.0884918655085
0.0227901513972
-0.0575100980627
-0.0337053808105
0.000225101995484
0.0493818270076
-0.00589907360527
0.0560903055209
0.0523455501201
0.0536855098765
0.013095590929
-0.0839482461025
0.0304281851358
-0.0154393914868
0.0965579863644
0.0733157977718
-0.0106461395492
-0.0599275710918
0.098591646795
-0.0754353584618
0.0352760255085
0.0686949029651
-0.0968288946561
0.0375913216226
0.0122281811369
0.046201483609
0.0975293350058
-0.0709098237571
-0.0577459407786
0.0469385839944
0.0759216043808
0.0308425663877
0.0534021071889
-0.0307399005621
0.0271444292707
0.0168898493447
0.0316274359832
-0.0136447039953
0.0315247432838
-0.0280101302465
-0.0348845824827
0.0713896526446
-0.0254178193589
-0.0997502233318
-0.0920350426674
-0.0996688365054
-0.014247774915
0.0246704092954
-0.0690366612337
-0.0439833686215
0.00198241215311
-0.0751977779877
0.0917558495274
-0.00816816706013
0.0977228064069
-0.0390146158951
0.0815808369745
0.02893413557
-0.00952725745582
-0.0364196857253
-0.0740552215355
0.0255386181985
0.0522186329242
-0.0691029063363
-0.0379446947254
0.0616615520565
-0.0348810314475
0.0794516966996
-0.0035455496942
-0.0831195951289
0.00942551949927
0.0345605631084
0.0658264484521
-0.0636957886249
0.0671016972427
-0.0876435465783
-0.0526014764115
0.0135572014568
-0.0557645251454
0.0881886463256
-0.0357785697002
-0.0594139109063
0.0475521834984
0.0618026536131
0.0274490152131
-0.0221048822091
-0.0409044184902
-0.0511891251328
-0.0904416479832
0.0987314991664
0.00747846177616
0.0218407008899
0.0106509561197
0.0710326098776
-0.00479927881384
-0.00696505886749
0.0127129429409
-0.0272368896223
-0.039680463751
-0.02582135817
0.0127710294825
0.0699281083571
0.00174204941362
0.0876781035742
-0.0716615611755
-0.040258709369
-0.0146432925247
0.0456460734615
-0.00920746214627
0.0820166449942
-0.0670768565606
-0.0888075306179
0.033060524398
0.0374562534051
-0.00158645416613
0.0898654909892
-0.0539764200562
-0.0188485126221
-0.0799835437269
0.0586502159568
0.0393258969853
-0.00976057480179
-0.0724251432364
0.0638664804554
0.0593905402776
0.0622544528622
0.05502206605
-0.0840767832398
-0.0500226975057
-0.0387941394974
-0.0563307196236
-0.0982780615422
-0.0852913281873
-0.043907506471
0.0651402792482
-0.000180180002187
-0.0551022928013
0.0859940690652
-0.00273970239029
0.0549886993477
-0.070646365651
-0.0708508190172
-0.0963502035435
-0.0468634206568
-0.0594419648725
0.0628253462745
0.0320967132659
-0.0198927719389
0.074534270048
-0.0324673116189
-0.0135110070069
-0.0410170158209
-0.0224685081041
0.0500333168711
0.0663554674333
0.0361974546037
0.0360726491509
-0.000604061567103
-0.00743128757745
0.087617610594
-0.0205812224913
-0.0406123400215
-0.0599603071595
-0.0181104400559
0.0345063867294
-0.0193816743431
-0.0934549977905
-0.0405403866257
0.0119220902597
-0.0269579484051
-0.0688750380509
0.0604809068287
0.0719094345141
0.0327640104994
-0.0705385316039
0.024008992765
0.0475394777592
0.0646125360813
-0.0639132396261
-0.0107519398682
-0.00312583988565
0.0125758078218
0.0615899487469
-0.0984961950643
0.0476149929264
-0.00908102193396
0.00169019115115
-0.002094188061
0.0478153295218
-0.0662937024906
-0.0222380952376
-0.0372968230162
0.0378412511677
-0.0340600584677
0.0953841409949
-0.058897781432
-0.042316165805
-0.0581165483965
-0.065394705281
0.0709508120187
0.0748868108685
0.0523351439323
0.0477043965116
-0.0074755267018
-0.0977556891726
-0.0677703877789
-0.0814391207921
0.0445586148441
-0.0569818331859
-0.0731516599583
0.000418406321253
-0.0694574787774
0.0733911428195
-0.089964525517
-0.0815913550827
-0.00207795931796
0.0854042073761
0.0980684573489
-0.0219133049987
0.0718654750055
0.0301748781892
0.0384745095089
-0.0200772873462
-0.026406900749
0.0687374102191
0.0640639325333
-0.0647783752253
0.00563179503302
0.0690379115337
-0.0465439737781
0.0658583396092
-0.00429923703501
-0.0482668347388
-0.0171853638025
0.0489468073625
-0.0918864086154
-0.00215348264411
0.0262274235211
0.0481624856812
-0.0512181424968
-0.0848341577234
0.0206401839615
0.0275334740267
0.0334422875842
-0.0394061471417
0.0319561536856
0.0783619189017
0.0411556231752
0.0177493317945
-0.0958719471274
-0.00498070244076
-0.0853398338144
-0.0943987808744
0.0399006594523
-0.00906054899165
0.0879877507958
0.089949703862
0.0480272751569
-0.0434063971736
0.0246267430417
-0.0406621708628
-0.0882537725897
-0.0263866719141
-0.036798128671
-0.0103712923698
-0.00967562084571
-0.0597608446917
-0.0206521863141
-0.0605204507253
0.0541788635493
0.0488184888061
0.0499830032895
0.00518266856241
0.0389920509945
-0.0415141389063
0.0925811943703
0.0854594691293
0.0947209578475
0.0611305027775
-0.0741070894857
-0.0413423601143
0.0128801291616
0.0898342989258
0.0428352508665
-0.0334281691779
0.0567392441067
-0.00464599221871
-0.0652202391142
0.0327423670621
-0.0155745346915
-0.0927321892408
-0.0757293008499
0.0405182279902
0.0657093459368
0.0830854559939
-0.0489431013941
-0.0264373401817
0.0519284063042
0.0838597844703
-0.0406566071141
0.0180176552641
0.0533132549606
0.0199585595587
0.0253320190475
0.0446486432788
0.0448166342116
-0.035966117994
0.0334867085237
0.00431446913699
0.0674323129959
0.030952396043
0.0446223853495
0.0355141939938
0.0521856447315
0.0796680433221
0.0163300822985
0.0487851224824
0.0363746800233
-0.05979458064
-0.0528092567401
0.096553082452
0.0169240278258
-0.0200804068765
-0.00615649091805
0.0507338017249
0.0694360258348
-0.00768167331781
0.0790473131855
0.0596060742012
0.0146409998495
-0.0286559467991
-0.0607007216188
-0.0551226432082
0.0935573841403
-0.00104588218258
-0.0977918867077
-0.0696494245908
0.0956614613265
-0.0612142990317
0.0624116332851
-0.090338580694
-0.041549343513
0.00229633939558
0.0552686899827
0.0763414858341
-0.0377497019905
-0.00697143631692
0.0325043011896
-0.0498406457146
-0.0617582709826
-0.00747614537641
0.0639422133807
-0.0785778047345
-0.0632381109205
-0.052534804233
-0.0737080485482
0.027703018041
-0.086575948289
-0.0841055339482
-0.0318139801819
0.0400718536543
0.0809824643926
-0.0145032119888
0.0273173714136
-0.015628027627
-0.0317356890257
-0.00209939808054
0.057505634184
0.0741756777415
-0.081859414624
-0.0532209297034
-0.0390688823598
0.0159256092274
-0.0967723454476
-0.00478886372318
0.0570507982135
0.0225020086407
-0.0671584214685
-0.0623166387451
-0.0626132415582
0.0061682464467
-0.0259603499143
-0.0787532704064
-0.0790707237683
-0.0486196849317
0.0528257001769
-0.0189687142123
0.0209029145544
-0.0609586007886
0.0159012983039
0.0133179856612
-0.0748997065785
-0.0404244922504
-0.0865191898261
-0.0918011582252
0.0428920629788
0.0247538787784
0.0645352070014
0.0166834005549
0.0257592787346
-0.034424873549
-0.0973076141823
-0.0364979771852
0.0667561377769
0.0574156727388
-0.000921007781287
0.0556458551326
-0.0238013924113
0.0945556932516
-0.0333337284953
-0.046441142328
-0.0165986858768
-0.049710418136
0.0564320836916
-0.0388715380774
-0.0267022621183
0.0389704307534
-0.0193586675604
-0.0275780137419
-0.0536080180042
-0.0208899633955
0.0358164670499
0.0883173934607
0.0374518006457
0.00785587436727
-0.0712752928436
0.052444401047
-0.0346211792228
-0.0182914914665
0.0899286135606
-0.0317102330396
-0.00613821241732
0.0154386420484
0.0985130276262
0.00452215999759
-0.0481403924905
0.0375573804504
0.0850523740218
0.0630100535479
-0.0577970364429
-0.092961216889
0.0490648953513
0.0592865891586
-0.0399131941274
-0.0302407061436
-0.0402573648622
-0.0861140578018
-0.0145463790536
-0.0442939698227
0.0848419822594
0.00708353906396
0.0379554851595
0.0132882581725
-0.016013652267
-0.0275826773282
-0.0640403840733
-0.0264039953811
-0.0720096810517
0.0906695541112
-0.0880683774789
0.0433669163266
0.0642390128107
-0.0857044898444
-0.0553780729388
0.0978975256781
-0.0782528408172
0.0804027455336
0.0450736357833
-0.0825283500587
0.0292307737488
-0.0258455578599
-0.035886192382
0.0463799694635
0.0642035681819
-0.0757291742417
0.0409441365923
-0.09570466047
0.0868093724507
-0.0515878412339
0.0177481547702
0.00445517865265
-0.0742275530443
-0.0426624099224
0.099960784423
0.0508467436217
0.0325346324727
0.0425499022812
0.052126399328
0.0362859036142
0.0354411078556
0.0350292625623
-0.0358273082084
-0.00461775267401
-0.0497758656313
-0.0737548995823
-0.0240828729796
-0.0134225997305
-0.0354481311903
-0.0593659497001
0.0174352432146
0.0159114976262
-0.028593395646
-0.0575372243641
-0.0409729148396
0.0785632133504
0.0257387687772
0.0570727991723
-0.0715786844699
0.0188574931341
-0.0052871720428
-0.0179444399702
-0.0946124521385
0.0506386215718
0.0741189309167
-0.0994021799311
-0.00413115286732
-0.0375588054841
0.0227555992544
-0.085133595217
0.0253709093453
0.0903056549557
-0.0104028392062
-0.0346718490648
-0.0394020859598
-0.0879306460391
-0.0973233669136
-0.0741680654996
0.0506325159164
0.0836821326381
-0.0939822930854
-0.0585358165423
0.0203795998025
-0.054102568145
0.0354096619554
0.0260081219739
0.000429992568853
-0.0651109171936
0.0375102185037
0.0268222973446
-0.097055667475
-0.0924893887135
0.0976384476698
0.0621971920269
-0.0639435106521
0.00947380840136
0.0970279620834
0.0511920943151
-0.060742401221
-0.0640069388547
0.092420200984
-0.0658844554109
-0.0792578511694
-0.0158601126645
-0.0401183953235
-0.0102999537043
0.0102703874352
0.0686768186286
-0.0990091842377
-0.0172212914981
-0.0462077070251
0.00425005885633
-0.0647569263566
-0.0984586528454
-0.00318209056876
0.0225288155434
0.0117569271181
-0.0309250422922
-0.0139142820787
0.0215409953878
-0.0791290419979
-0.0303037950845
0.0613304596466
-0.0464340004241
0.00276355428625
0.0831467816422
-0.0240394873891
0.0555074141057
-0.0841611158659
0.0563425637672
0.0719008011379
-0.059758893352
0.0929076301612
-0.0345559847901
-0.00269916246005
0.0297221124609
-0.0433716141333
-0.0284060555487
-0.0201028890887
-0.0487217604907
-0.0221214603522
-0.015394094978
0.0525213386954
0.0227244956719
0.0190304593894
-0.0542895178306
0.0871342412293
-0.0600182079301
-0.0341945572894
-0.0554458731929
0.0458271129243
-0.0349945891533
0.0547163463502
-0.0840695535235
-0.0339613384881
0.0998715240547
0.0382712740577
-0.00019430990422
-0.0948591267357
0.00407903007849
-0.029455678103
0.014871027318
0.0997775683922
0.0720505635657
-0.0902290349577
-0.0893552928656
0.0204028562472
-0.02302459411
0.0292141551701
0.0291050935293
0.0216935214827
-0.0629298866939
-0.0399695626682
-0.00400371041556
0.062477705574
-0.0583944652422
-0.0100843601974
0.00844352339523
0.0849854616945
-0.0187941841689
0.0666919630419
0.075560590488
0.0463562050606
-0.0619792113174
-0.0382217953764
0.00718556891141
0.0276567585556
0.0392315913542
-0.0849087028289
0.0397216985238
0.0520141406191
-0.00155217667715
0.0973386227387
0.0724210630897
-0.0713911809437
0.0235069304861
0.0974035427233
-0.0660166408227
-0.0617035308931
-0.0129455124341
-0.0430910697433
0.0243123566961
-0.0583099346535
0.00389432523258
0.0690901261786
-0.0355012663616
-0.056719259745
0.00331677170578
-0.0309767311478
-0.0514974454443
0.00324873454172
-0.025921979559
0.0211701150704
-0.0537213270285
-0.0934301434981
0.0993742715627
-0.0497837260942
-0.064719494995
0.0441337753789
0.0340100467403
0.076744524117
0.0526096759814
0.00713622086109
-0.0848896681823
0.0801763226899
0.0299549649797
-0.0290981858132
0.0296229689811
-0.0160274317127
0.0208035913123
-0.0742744810835
-0.0461820105059
0.0725568229916
-0.033337532252
-0.0873336725359
0.0958918492158
0.0716660026254
-0.0399199116776
0.0433707236492
-0.0533763419378
-0.029950186975
0.0122029740758
0.0646027032226
-0.00143640132034
-0.0103292547998
-0.0819589412604
-0.0248948223898
0.0868982814212
0.0500892047028
0.0303825129438
0.0392821043346
-0.0413898969215
-0.0157742342803
0.019469564379
-0.0697728296782
0.00885480862197
-0.0722580379265
0.0955553051473
0.0725354697446
-0.0852827524175
0.0788282223542
0.0764374006833
0.00915567061991
-0.0939130387144
-0.0264914744097
0.0961099134701
-0.0769578987252
-0.0933388439542
-0.0956734655296
-0.0842193814733
0.00909920955726
-0.07553087474
-0.0937412125425
-0.0448623827143
-0.0313179898553
0.0915637712851
0.0728382342665
0.0430171629237
-0.0640232519781
0.0322778469026
-0.0695294062331
-0.0331739154842
0.0977883667455
-0.066747010983
0.0761928945918
0.0260003037583
-0.0241548308005
0.0995932323058
0.0634317103943
0.073936518567
-9.93991822765e-05
-0.0355424324818
-0.0340492961544
-0.00353983703985
0.0278206656398
0.0366218455729
-0.025672918504
0.0771208340661
-0.0383462847445
-0.0502201262704
-0.0883834329012
0.0271102218365
-0.032402426489
0.0441763548267
-0.0649371539738
0.0612069981482
0.0137513729306
0.00343792437993
-0.0470219109698
-0.0492027500512
0.00327051853929
-0.088088698334
0.0988862943248
0.0889262212991
-0.0894437811806
-0.089447734892
-0.0531132674124
0.0867345242303
0.0331163514155
0.0927372214119
0.0834081544666
0.0495599458829
-0.0602180642256
0.0129109465958
0.0735154815484
-0.0258051661868
0.0163280948388
-0.0267969426066
0.0828008583435
0.0513580043935
0.0460510070053
0.09601231864
0.086743124309
-0.0502682306758
-0.073753192137
0.0260388248084
-0.0938756919334
0.0895880079686
0.0817086377057
0.0464005306244
-0.00413219163168
-0.0443741279061
-0.000129565731438
0.0154601476382
-0.0471741079727
-0.0800719329578
-0.0742961327437
0.0675788937638
-0.0619924366372
0.0289581445532
0.0434192373063
0.0327273867774
0.0465732643784
0.0212738621896
-0.0446453565086
0.0273296313792
-0.00682089179819
0.0531153479299
-0.0516872655467
0.0965367407448
0.0318392416555
-0.00763892373225
0.0452908854592
-0.0521631637391
0.0332598175635
-0.0733065421737
-0.0324136049788
0.0670589736426
-0.0225395454025
0.0745517675062
0.00598346700579
-0.0216318220733
-0.0397526534086
0.0037607318224
-0.0953619869974
-0.0270047405416
0.0465187671172
0.04092703822
-0.00530561531472
-0.0885070350716
0.0141846590002
-0.00371844212622
-0.0173682111207
0.0460607327843
0.00967665612264
-0.0772481325831
-0.0502232689165
0.059390641095
0.083237213097
0.045072403426
0.009283088233
-0.00672658916187
0.0860560310406
-0.00776760507208
-0.0681766848446
0.0792726131605
0.0180549772303
-0.0288343895821
-0.0848583349665
-0.0756588794324
-0.0579279908971
0.0819050944381
0.00306549984421
0.068525634931
0.0350468323854
-0.01238687029
-0.0710091633895
-0.0740670203122
-0.0223396214148
0.0990402479179
-0.00613696428535
0.000315374412225
0.0336951453611
0.0599264157609
-0.0332151130918
-0.0662296388513
0.0974345544754
0.0340594207548
0.0130084007606
-0.0577041473445
0.0976816179609
-0.0181521298797
0.0565568376149
0.00164892687353
-0.073008729558
0.00739681328579
0.00706302078606
-0.0952469748579
0.0216859465591
-0.0989304996112
0.0371096009446
-0.0492105916008
0.0425307414751
0.0655186887079
-0.0578891699344
-0.025057607368
-0.074212590032
0.0144930341351
0.000123794886689
0.0799902642775
-0.0937336655427
-0.0905946458497
0.0875280022947
0.0762913808193
-0.0154500840184
-0.0108160901613
0.0284247190639
-0.0372355068913
-0.0628038358139
0.0354773517392
0.0959618510812
-0.0668029119811
0.0329333583544
-0.0357903747502
-0.0572720728992
0.0644978046925
0.0594704465366
0.0790945452865
0.0750200346994
0.0886196901497
0.0832689042864
0.090439238855
-0.0447448763643
-0.0243376603828
-0.0569957542167
-0.0882410621964
-0.0268731855069
-0.0625311919777
-0.0684406808581
-0.0257848389747
0.0271544903817
0.000995883007969
0.0757070412447
-0.00120681325065
-0.0217577522336
-0.00169353541555
-0.0642865425035
-0.0745101896439
0.028355565646
-0.0809604629619
0.0269075119658
0.0447997667973
-0.0633136733518
0.0337780454955
-0.0953999316305
-0.008093809339
0.0236710125403
0.0951479348792
0.0688473888549
0.0265590095804
0.0280615262766
0.0364711648855
-0.0101540977951
-0.0880884824797
-0.0574549277339
-0.00339727850043
-0.0432089029911
0.0559100369022
-0.0642435716401
-0.0560287075419
-0.0923365848878
-0.0994629729684
-0.0655179984321
0.0266080594818
0.0162919277979
-0.0792176502139
0.0689068872555
0.015596723146
0.0322833513779
-0.0750021235653
-0.0936614109553
-0.0148889981377
0.044441387103
-0.0325484130898
-0.0577144714993
-0.0398769610939
0.0533976146417
0.0179172390526
-0.0608027325128
0.094674764907
0.0361965357164
-0.0337822027552
0.0539253729775
0.0515438217842
0.0650431650247
0.0559325435669
-0.0313487977517
0.0794811270828
0.0503592498966
0.0697489410588
0.0391218265213
0.00399973091522
-0.00698943076708
-0.0817523514687
0.0133444104362
-0.0659120735553
0.0609523042169
0.083411936868
0.0576104619486
0.0226415778057
0.0543683238581
0.08240345016
0.0640124893144
-0.0865548967808
0.0584847913751
-0.061511634249
0.0662057145388
-0.0485199889829
0.0638842978491
-0.0764314473959
-0.0990787123967
-0.0451161414058
0.000678550074434
0.070597358249
-0.083731571245
0.0473967029579
-0.0898072633921
0.0837828177177
-0.0894624541716
0.00747335965493
-0.0432852225687
-0.0468660308826
0.0235831057433
-0.0652214627213
-0.00719633901297
0.0593744232732
0.0283992917682
0.0635920842283
0.0649886185858
0.0855493588107
0.0326518872921
-0.0786466974484
-0.0840321480214
0.0168939574467
0.090267395101
-0.0459678521973
-0.0653793309367
-0.0840355003249
-0.0450865363296
0.0477256342391
0.0555179024458
0.0280014815279
-0.062580222987
-0.0533088990329
-0.0485643722002
-0.0252630308649
-0.0306465976149
0.0308404073501
-0.00648907093833
0.0501676221502
0.0249922330973
-0.0391835649741
0.0725497800114
-0.0562196662655
0.00281207857954
0.0568851760768
0.0369333033317
0.0392576911659
-0.0914856491843
-0.0507332879396
-0.0830299745563
0.0102778012674
-0.0858672298368
-0.0422934578919
-0.0432551357428
-0.043446103119
-0.0801604098408
-0.0553385570359
0.0905237412905
0.0119984398872
0.0219682766868
0.0159816568143
0.0470885384549
-0.00294157049182
0.0793842962404
-0.00261359025647
0.069748490077
-0.0849269153674
-0.0319841857645
0.034573934928
0.0387864370721
-0.0338527553311
-0.0172893706007
-0.0644672588995
0.0437750041598
-0.0852193841827
0.0839482588409
-0.0907352142364
-0.0776206937742
0.0351104982774
0.0559362924538
0.0679866314997
0.0566396582466
0.0414950942786
0.0698971344603
0.0039883468659
-0.0588020371822
-0.0516254844958
-0.0659233699503
-0.0412417133896
0.0962400906626
0.0214128553159
-0.00652963965736
-0.0906836616611
-0.0882016053355
0.0961064022134
-0.010275248356
0.0958842412917
-0.00690505882785
-0.0465944441594
0.0687370239685
-0.0420664997683
0.0893571966312
-0.0177877223445
0.0948434031034
0.0233475507337
0.0299220264595
-0.0412879362103
0.0493525479499
0.053053749737
0.0643793956055
0.059956908153
0.088017985004
0.0469728850087
-0.0366296166712
-0.0986364544263
-0.0883271654668
0.0860838175499
-0.0573338977545
-0.0947628462999
-0.0655847480518
-0.0797218972238
0.0610674343901
-0.0313994980316
0.0307684770974
0.0978688103597
0.0453115173554
0.0929434784668
0.023293502257
-0.0955186773369
-0.0931376673167
-0.0338064424856
-0.0760144130071
0.0169609302954
-0.0822532154616
0.0423779885909
-0.0132593735967
0.0506386133543
0.0317645832241
-0.0201796786947
-0.0400957183968
0.0905408725276
-0.0494592730478
0.0388682559065
0.0762840177865
0.0343746247275
-0.0620993120155
0.0339261801857
-0.0148585985372
0.0309429531759
0.0989332001066
-0.00835378069194
0.00890813464754
-0.0344543828462
-0.0170956296194
0.0942806109107
0.0693178523392
0.045808723604
0.010868560968
-0.000433831737678
-0.0122655522147
-0.0131426682957
0.0900151951445
0.0381435792586
-0.0400286320544
0.0804063921529
0.0171714595162
0.0920636546916
0.0115933297775
0.0622613991391
-0.0982452556534
-0.0808766465294
-0.0198180702677
0.0124003801388
0.036826379299
0.0646415701732
-0.085760126665
-0.000372541711729
-0.00931859317886
-0.0664145938811
0.0922492916374
0.0772994489648
-0.0609256353545
-0.0663443013163
-0.0703059109239
0.0780793104279
0.0432785383615
-0.0520250866071
-0.00616683786113
-0.0512315140053
-0.0408721426221
0.0161178541451
0.0904945154107
0.0555862537354
0.0555939165649
0.0580923745191
0.0508526980819
0.0779788869
0.00852262887798
0.0779737294248
0.0924135501537
-0.0849188518702
-0.0668032567475
-0.0491212770011
0.0534557438964
0.0459058965847
0.0395160308041
0.0868641971842
-0.00592297088889
0.0617815824518
-0.0209960840684
-0.0506468442036
0.0662745924817
0.0963057802286
-0.09296561343
0.0243527210959
0.0224143903375
0.0949427777561
0.0390890446627
-0.0566235165644
-0.0161494457423
0.0140064679884
-0.0013070811033
-0.0126930048561
-0.0293990303046
0.0850070286721
0.0732353800644
0.0867298894977
-0.0468241267798
0.0026475479854
0.00135929344216
0.00163284502855
-0.0350824239051
0.0894843718329
-0.080543552271
-0.0493407933351
-0.0275514819051
-0.0823851137966
-0.0966853928558
-0.0520044592697
-0.00168961694291
-0.0102706448594
0.040840294326
-0.070857477972
0.0291077879258
0.0483122577658
0.00717709424479
-0.0695148513015
0.02204482579
-0.0254660585233
0.0239253217586
-0.0305843157824
0.0692828245159
-0.0402378534899
0.027074146189
0.0695916241553
-0.0520521103073
-0.00512058435616
0.0379114290903
-0.0361001155059
-0.0972422441635
-0.086790752707
0.000436778133656
-0.0992902264869
0.00993146520925
-0.0511552864048
0.0853431259485
0.023168431519
-0.0468646620808
0.0647484823876
-0.0705087121773
0.0853733634148
0.00131870197511
-0.0505746510993
0.0294829308577
0.0104892069528
-0.0871897605557
-0.0516724825883
-0.0931283037691
-0.00369565114965
-0.0712518289416
-0.063186196965
0.0921054444682
0.0263532019753
-0.0987839596063
0.0400891765776
-0.0671056738593
-0.0625942350701
-0.0282672285524
-0.050375692467
0.0578594091089
-0.071234425404
-0.0219437423367
-0.0394850644259
0.0589456760602
0.00561253019077
-0.0688450868116
-0.00759283129156
-0.0727239249301
-0.0614563465902
-0.0278835433187
-0.0377645041523
0.0734305014023
-0.0238546994942
0.0806427848585
0.0184230652943
0.0903658564447
-0.051657712936
0.0108748755926
0.0379260961023
0.0247821733864
-0.0806973383448
-0.0447149598983
-0.0105599329586
-0.0326114585932
-0.0217117784459
-0.0861584959756
-0.0223639995564
-0.00894457241325
-0.0404083041953
-0.0835775589757
-0.0965690117042
0.0362483254926
-0.0231446947127
0.0508472483909
0.0571230405644
-0.0532887595181
0.0671964947791
0.064538808929
0.0286490323165
0.0615830907485
0.0431119928873
0.0668038619326
0.0918028875447
0.0902997550474
-0.0193346394746
0.0692960419371
0.0474206208034
0.0749560006571
0.0334094539311
-0.0646503266627
-0.0607872930054
0.0213797717283
-0.0455562172992
0.0439029891607
-0.000767803438961
0.0727020037273
0.0586463059357
-0.0840894858175
-0.0673612817502
-0.0115632559118
-0.0193256202818
-0.00431635449205
-0.0680431842446
-0.0776133334722
-0.0861044750937
0.0551709685873
-0.0937800417766
0.0690727795381
-0.0907014061797
-0.0748676881132
-0.0661030851644
-0.0679548890001
-0.0312306228971
0.0815640363157
-0.0250132509372
0.0870006419758
-0.0563577309449
0.0333640590816
0.0529688974429
-0.00774820532879
2.35797219199e-05
-0.0282498763352
0.082979322183
-0.0385471349424
-0.0201192588741
-0.0612287968516
0.0821166682831
-0.00396717953658
0.0142328035595
-0.0336469539989
-0.0982598339315
-0.0213467392667
0.0388241070336
0.0692443595384
0.0767639272461
0.0798237572007
0.0151847749702
0.0581462725819
0.0507960789852
-0.0857170557502
-0.0422992408978
-0.0560245123081
-0.0492242324359
-0.0898121047225
0.0858836352079
0.0654505008177
0.0754539511072
-0.0798262245704
-0.0540534679427
0.0252925359825
0.023097383139
