0.050292730491
-0.0390217561153
0.000603685082736
0.0302656488461
0.05671965685
-0.00719231482904
-0.0301225719034
0.0749595420791
0.0305291173118
0.0582278311932
-0.0699449468073
0.0497934833364
-0.0810618086511
-0.012701372394
-0.0123448027593
-0.0741146023497
0.0539957273751
-0.0703329831926
0.0165768484218
0.0942655003873
0.0499807669814
0.0272820396002
-0.0159161241862
0.0141147286335
-0.0299294878675
0.0989758546746
-0.0263788413584
-0.0596646836434
-0.0594654018526
-0.0728062967077
-0.013098297253
-0.0456336314246
-0.0669017202524
0.0896525889585
-0.0160318647694
-0.0513363233554
-0.0201912441962
0.0547903100921
-0.012318661907
0.0372673157533
0.0801272357862
0.0291232310121
-0.0172090191578
-0.061454272847
-0.0116322629921
0.0295524588024
0.041251238861
0.0975718321247
0.0882988031411
-0.0470839879605
-0.0312742703438
0.0141138484199
-0.0217259692039
-0.0350565449616
0.0329548304579
-0.0897410919247
0.00972512898142
0.0155458061695
-0.0378096105269
0.0233223743183
0.0914972868397
0.0520784717735
-0.0918793696451
0.0744582229478
-0.00177568942963
0.0533565071041
0.0452976212528
0.0516347611327
-0.0497684671063
-0.0984683910715
-0.0449841238464
0.00966267009254
-0.0740695145087
0.0108191316855
-0.0751734872601
-0.0136208246697
-0.0820799091199
0.0732549212626
0.0412112761876
-0.0703336568198
-0.0511750003133
0.0903854370247
-0.0703008550912
0.0744743824926
-0.000802849668712
-0.0337140229955
-0.0347746267143
0.0106795825555
-0.0987223565272
-0.0568797260004
0.0198498869041
0.0320824913632
-0.0860367994002
0.0176112497204
-0.0424077977705
0.0968612284175
0.0642508098661
0.0798253928658
0.0842206719112
-0.0247758495374
-0.0401978291619
0.0958906144058
-0.0968699290356
-0.0502051258198
0.0356210678583
0.00458135887209
-0.0102944214396
0.0489244345296
0.0796189250481
0.0192727142075
-0.0984522051632
0.0779683249875
-0.0172427988427
0.0546110211528
-0.0748924618874
-0.0239158649945
0.0412808352624
0.0968340347133
0.0170824371015
-0.0135825001509
0.0217433800944
-0.0847753727819
0.0159884283672
-0.0728824881179
0.0163723934252
-0.0822126977286
-0.0582609905993
0.0515576320291
0.0443366000258
-0.0487948340974
0.0707300917838
0.0978627395127
-0.020977702339
0.0849419258654
0.0412004947674
0.0052662885614
-0.0687346722839
0.0122595121896
-0.0444804337378
-0.0180254387046
0.052315399894
-0.0569886774096
-0.0715875888278
0.0105170469581
0.0326477203427
0.0276336783084
0.0862288173332
0.0151754625412
0.0134176373647
0.100026519978
0.0652529445285
0.0560556796738
-0.0118600478837
-0.0943755379002
-0.0870834351773
0.0757182885818
-0.0944822082452
-0.00742919190545
-0.030924858231
0.0874930923466
-0.0958557411247
0.077264280928
0.0722844757327
-0.0226058572392
0.0785550045556
-0.090804618233
0.016173695278
0.0614834961358
-0.0201971773903
0.0217384386141
0.0217819008182
0.0469479974484
-0.0622337389958
-0.0624069363732
-0.0954361971826
-0.0674672581042
-0.0251635550592
0.0687452101631
0.00991725986765
0.0633734486793
0.0145500850675
0.0774733276266
0.0447558167674
-0.0174617251813
-0.00791515893366
-0.0624539132913
0.0372283039761
-0.019903151247
-0.0542525839125
0.0668095436921
-0.0171929941737
-0.0589518182572
-0.0531290070519
0.0118299915542
-0.0557377436826
0.00185060380587
-0.0704598605336
-0.0172929940825
-0.0853060843381
0.0958415390848
-0.0981097002228
0.0514310104598
0.0837484855253
0.0222990910298
0.0114048935584
-0.0521899850161
-0.0487242913727
-0.067107642261
-0.052139112559
0.0476322427417
0.0601682546289
0.0811192819058
0.0165381106627
-0.00567547739238
-0.0571639040329
-0.0547552547319
-0.0718677532984
0.061325247147
0.055199091213
0.0215443296281
-0.0767013215655
0.0402344839143
0.0959448859734
-0.0479058045402
0.0780625418479
-0.0490731373891
-0.0519793673477
0.0366558279394
0.0329996882538
0.023216402276
-0.0210872385468
-0.0657748899819
-0.0183243281228
-0.0181144935588
0.0844369745599
0.0363006989574
-0.0352104453311
0.086906221173
0.0145790624067
0.0235447704115
0.0903544311559
0.0161534409272
-0.0161478226674
-0.0440831284297
0.0324213416442
-0.0670390203204
-0.0186342759224
-0.0194237998509
-0.0582677824145
0.0561191431403
0.0142566405249
-0.0401983217416
0.0263918155283
0.0851242615097
0.0555939380578
-0.0128992923773
0.0292947892249
0.0638416867628
0.027580800737
-0.0426087569971
0.0386041752685
-0.0311231401722
-0.0490672308092
0.064531207849
-0.0524202981142
-0.00324652730424
0.0457848796964
0.0417622893806
-0.0429290764384
0.0761794967866
-0.0864377310781
-0.023102153437
0.046782074407
-0.0364650747848
0.0495256968249
-0.093283493324
-0.00883987600139
0.0151948530253
0.0900626678227
-0.0299333218431
-0.0395592863484
-0.0188614216765
-0.0420963483311
-0.0450986462803
-0.0958249007547
-0.0912400073471
0.0428082533461
0.00867407681924
-0.0594422830829
-0.0808786338399
0.0148132079904
0.00913298072142
0.0137612197675
-0.0971878005695
-0.0756139689231
-0.0905671984504
0.0991895184607
0.0676809325047
-0.0760251227721
0.0572751894253
-0.0141819107527
0.0506938002368
0.0321876020092
0.077906060765
-0.0703848125726
0.0680623064961
0.0567637878215
-0.0247863517314
-0.0419322218919
-0.0319986024908
0.0982301066628
0.0445666892325
-0.0057535253445
0.0850708200141
-0.0503957212214
0.0601204963231
0.0846035672202
0.0741032067789
-0.0506142931716
-0.0704301072605
-0.0406472437914
0.0773319282672
0.0136574636988
0.0655940125915
0.0520636812472
0.0638023103219
0.0318248092757
-0.0167545474231
0.0335698559557
-0.0447640264221
0.0211976721376
-0.0037620715884
-0.0949498716097
-0.0347538672
0.0441925486717
0.00757608165585
-0.0144260376883
0.0802429572545
0.0409065572222
-0.0431749031012
0.0123822519388
0.0579996296466
-0.0643806652187
0.0587070914063
0.0543048997146
0.0614625255981
-0.0896771563917
-0.0945880913861
-0.0955561561208
-0.00669373683097
0.059026252202
-0.0678320586841
0.0293008655737
0.0732690669222
-0.0570895201346
-0.09537305909
0.0676134217521
0.0336010900702
0.0779837826588
-0.066244819876
0.0502295051718
0.0208602965631
-0.0949502361612
-0.0167499980708
-0.0413552895775
0.020611711801
-0.0807564433715
-0.0766311250372
0.00648607882151
-0.0376082759637
-0.0188454222592
0.0789611334059
-0.0907877076629
-0.0073473819289
0.0828365162444
-0.0663389041364
0.000610731990478
-0.0662698740111
-0.0240323765373
0.0322576287355
-0.0136089552446
0.085205893011
0.0459639607454
-0.0250760883588
-0.0896669536256
-0.0818924086235
-0.0636692669997
0.0836208332587
0.023881540692
-0.0955511028796
-0.0946262677126
0.0351601026087
-0.0369052039986
-0.0615818818219
-0.027211050028
0.000987380761188
-0.0821333318797
-0.00544327107387
0.0293680631918
-0.0138274378438
-0.0863311456923
-0.0637155591571
0.0429629190142
0.0644100116264
-0.007243088789
0.0589450008475
-0.0611544832651
0.0968752163275
-0.0159707213141
-0.0259549759135
-0.0073952186467
-0.0614796011341
-0.0853986791467
-0.0778923772124
-0.0727760138915
0.0912095523103
-0.0555758246403
-0.0218473606518
0.079638419446
0.0589999747438
0.0688594783375
0.0769369586391
0.0414593585509
0.0672692931106
-0.070401803524
0.0414648538113
0.0514465139634
0.0411034566932
0.019826579358
-0.0738929437306
-0.0966871500044
-0.0647195231405
0.0617485444239
-0.0993730565445
0.047811105557
0.0038322762649
-0.0360669404761
-0.0121243319624
-0.0224686143794
0.0794471758181
-0.0701270909438
-0.0570527520619
-0.0358249881932
-0.0520567144726
0.052283504985
-0.08804580947
-0.0569434814897
-0.0425884497853
-0.0434806463859
0.0816958248167
0.0840288092254
0.075125099422
-0.0324131364611
-0.00820414931289
-0.0863374489519
0.0660559323848
-0.0288443192979
-0.012260018342
0.0655701200481
0.0676552214018
0.0631407167167
0.0178023735247
0.0442116716363
-0.0569361229021
-0.0487747356929
0.0729800744132
-0.0341610346126
-0.0929977309886
-0.0946794719452
-0.0968655663712
-0.0805062309527
-0.0179881194462
-0.0856117197053
-0.001071696186
0.00113732096912
0.0332722474919
-0.00530914829978
0.0816539080025
-0.0817845255182
-0.00926569273344
-0.0357798969987
-0.0468664894525
0.0851052474993
0.0951521103763
0.0934819461192
-0.0136314607915
0.0921707532952
-0.0571135614125
0.0173096639141
-0.0141782595305
-0.00448102832067
0.0168349214843
0.0470473571089
-0.0291350611771
-0.0647934972552
-0.0817289289996
0.0953226047029
-0.0432284401307
0.0135957504037
0.0680766384371
-0.0147520634891
-0.0941754897793
-0.062488593317
0.0439673233025
0.0128632639646
-0.0498389570882
0.0310597900438
0.0174171796409
0.0226242151873
-0.05200123695
0.0557440696412
-0.0332416221914
0.0785598230163
0.0899376665994
-0.0721815172478
-0.023944598156
0.0304138832775
0.0844494225156
-0.0328975831433
-0.0878552993743
0.0741710336614
0.0183092393118
-0.0194784673031
-0.0346380609201
0.0530604182867
-0.0244213644855
0.0722522629084
-0.0585448721563
-0.00481806689196
-0.0133937234223
0.089721385865
0.0773718776357
-0.0313686007283
-0.00334330800706
0.0156314399059
0.085956150058
0.0778511182086
0.0448944964784
0.0244012817806
0.0670586604268
0.046689166869
-0.0199984085662
0.00347141269549
0.0542746631857
0.0516135608091
-0.0818963410456
-0.0307814914619
-0.085079949476
0.0390024709687
-0.00807632851651
0.0739806518563
-0.0406152903727
0.069796597625
-0.0539528876529
0.0861011495902
0.000665084984542
0.00431062674033
-0.00786608208683
0.0774135987576
-0.060310507597
-0.00772566515384
0.0641607125568
0.0598304672115
0.096303618036
0.0166681644958
0.0828120133552
-0.00176238485921
0.033457255649
-0.0339551043986
-0.0724679351741
-0.0381196042957
0.0696605013185
0.0475418234853
0.0280812920852
-0.034202134437
-0.0522775226216
0.0487002717911
0.0611970220782
0.0400706487013
-0.0708362245688
0.0382396978439
-0.0984565765074
-0.0737254966673
-0.0604396077163
0.0669275033005
0.0955029711151
0.0579914213526
-0.0989538223079
-0.0107424982986
-0.00821209664301
0.0452034862382
0.00924199346989
-0.00114054823162
0.0125961005967
-0.0272655005303
-0.0321742967843
0.0758209451437
0.0167799364798
0.0130941649735
-0.0979933209182
-0.0465554070428
0.0997232705754
0.0122410522429
0.0939063084535
-0.0357914451391
0.0280796776178
0.00851258168462
0.0273491859653
-0.00128543602531
0.023713166719
-0.0256077429061
-0.0811402587948
0.0980260477906
0.0625407106657
0.0946940569082
-0.0356813445218
0.0464726340047
0.014788570514
0.0562420992272
0.000763642237315
0.013923102903
0.0489012853025
0.0990435389501
0.0975733920015
0.0512290674818
-0.0633499379493
-0.0657280059572
0.0899456514393
0.0624811618436
0.0590624821787
0.014280877268
0.0351543345686
0.0300001233469
-0.0214750784029
0.0876344834315
-0.0349261273925
-0.0731596659792
0.0723053659814
0.0681458343575
-0.0652219677962
-0.0286142191427
-0.0140560025047
-0.0681797918225
-0.0545565472151
0.0115708151137
-0.0149829651927
0.00346743907657
-0.00203853191222
-0.0426819941527
0.0741690449079
-0.0337299863494
0.0848086227921
0.092133419819
-0.0511377850204
-0.0308503608143
0.0764376465014
0.0469925812282
-0.00726748447269
0.00855603606419
-0.0494845586775
-0.0593060150258
0.0921177290831
-0.0317223015747
-0.000172246711443
-0.0226413717173
0.00765644242261
0.0207329608233
0.00747607409051
-0.0977195026709
0.0820020249823
0.0859555019436
0.0695454043293
0.000377802659743
-0.064596392572
0.0408545174041
-0.0224478844865
-0.0313461319117
0.039354839551
-0.0554961093143
-0.0109870546346
0.0326001014266
-0.0122516825028
-0.0407343635051
0.00732040250837
-0.0285599442265
-0.0850922393123
0.0128120632321
0.0137548402606
-0.0646563687648
-0.0588344669932
0.0183119399463
-0.036242525677
0.0861548464626
0.0076673305902
0.0173393220133
0.0671529689486
0.0620426402412
-0.0320736572554
-0.069457116775
-0.0895078931341
-0.0660766063968
0.0171248543246
-0.0115705506669
-0.0271597309872
0.0358171225789
-0.0056420893806
0.0286149826837
-0.096883242352
0.0952927509991
0.0798064150693
-0.0694288360431
-0.0875570014851
0.0322380490251
0.0440995820721
0.0269794997029
0.0848146290715
-0.0279256077462
-0.0377911744712
-0.0698577285282
0.0395598772846
-0.00964043338379
0.0836833590119
-0.0932727588041
0.0744727891077
0.0634745966761
-0.0227879963823
-0.0670349966083
0.0806579611673
-0.0917113502497
0.0600741740412
-0.0273246506341
-0.089617907774
0.0925780450273
0.00412042584221
-0.0060692156782
-0.0131409989384
-0.0238032091346
-0.0467831965422
0.0156553045598
0.0981360469957
0.0540026875086
0.00570704553376
-0.0216422464584
-0.0990124498576
0.0113788882909
0.0342034578418
-0.0723895643157
-0.0702388138128
0.00749762556477
-0.0800224575921
-0.0389765821065
-0.0299908046105
0.0755597606261
0.0731358105487
0.0216659097395
-0.0415694022569
-0.00587964919487
-0.0199032229933
0.0635234015508
-0.0818147280402
-0.0437280762326
0.100216135782
0.0374358533278
0.0353287535971
-0.0155144759805
-0.0886306375219
0.0911153025948
0.0638766151075
-0.0786340998913
-0.0245634106779
-0.0645613599418
0.0946649956511
0.0973468900611
-0.0550473088514
0.0121976745934
0.0561935365961
-0.0179108740234
-0.087833397298
0.0845443388714
0.0966703833056
-0.0445865846106
0.0108137695848
0.00455920201965
-0.0980331852889
0.0418947619052
0.0936352682382
0.0428118971928
0.00893087744537
-0.0391167635762
0.0426340410138
-0.0642987430666
0.0874788817252
0.0547461403065
0.00280314876505
0.0994330769802
0.046215373655
-0.0748846292069
-0.0755319351481
-0.0394802229452
-0.0529020790643
0.0254402944276
0.046280607636
-0.0682650523854
0.0692189353327
-0.0116809850006
-0.0803307350539
0.0694075330432
-0.0054579600064
-0.0771391751594
-0.061089438639
0.0919585598483
-0.055470974473
-0.033373707437
-0.0356076347255
-0.00238624453984
0.0727511247949
0.0645260165805
0.084077264894
-0.0533160037423
-0.00519150119966
-0.0662880413486
-0.0681755402426
-0.0772500304947
-0.0995329638738
-0.0758036877222
-0.0224914546536
0.0128826702409
0.0608248614214
0.0764822825903
0.0893830601797
0.0301595779264
0.0920510703712
-0.0533849842651
0.000831600681023
-0.0219835970011
-0.0597265010211
-0.0455450744668
0.0976275975383
-0.092251768359
0.0372494910175
0.00293894460255
0.0613587396494
-0.0563628304277
-0.0480854454917
-0.0773824451653
0.0616374512355
0.0397280117711
0.0886884582724
-0.0581410717679
-0.0884922619952
-0.0220643929633
-0.0776253438376
-0.0371284580849
0.03415367529
0.0179351768742
-0.0559551288425
-0.00585242372378
0.0721363807723
-0.0770251726949
-0.0753645969361
0.0822716684771
0.00579986003986
0.0558250857083
-0.0590191605759
0.033928634575
0.0384300398763
0.017165645944
0.0108543944964
-0.0686138195479
-0.0912281601518
-0.0417020340889
-0.0109455685155
-0.0243221539399
-0.0817977085458
0.035150866666
0.0460513229778
0.046192270375
0.0643679606819
0.0393037915711
-0.00977662809271
0.100414906907
-0.057789209269
-0.0476390375316
0.0297835806844
0.02600154561
-0.0805906108527
0.0600468645344
-0.0389156799062
-0.0863821677274
-0.0282454864439
0.00909135796554
0.00280854744461
0.0783705595486
-0.0428710764925
0.0604069160531
0.0778791921418
-0.0699834847837
-0.0165881059045
0.00834596076558
-0.0627012500589
-0.0466266621609
-0.0463033487609
0.0556932749432
0.0297769253833
-0.0426496130317
-0.0296308370963
-0.0687011115723
0.0214615063045
0.0643483696788
0.0782468129079
0.0529748281473
-0.0676487889942
-0.018543019879
0.0390700568044
0.0440637982843
-0.0615123800083
0.0519507205552
-0.0896572267308
0.0693283689736
-0.0479886778925
0.0804424655582
-0.0509986794567
-0.0716467784427
0.0259336637534
0.0124647073669
-0.00662431381179
-0.0933147888894
0.0936219371657
0.0507120775637
0.0838975217286
0.00928034122044
-0.0431749824207
-0.080399287072
-0.0197941197599
-0.0871500983153
0.0142614652448
-0.0878539311203
0.0839563335802
0.0634091991199
-0.0491635745836
-0.0545322368397
0.00346730688496
0.0751315671637
-0.0380983653231
0.0422729088593
0.0404617564979
-0.0426306034388
-0.0380959864554
0.0744596167295
0.00770982284681
0.00457713511568
0.0205171840675
-0.0243300432235
-0.0856046819646
0.0230719534094
0.0720839568153
0.0574112297675
-0.0713875632547
0.052754947007
0.0324694114167
-0.0534489793219
-0.0726585974714
-0.0515493591526
-0.0294903565308
-0.0634552549853
-0.0874034544788
-0.044677209654
-0.0308024580994
0.06663236402
-0.0546906082623
0.0788429489883
0.00206265515122
0.031482619286
-0.00676938483177
-0.0290318599995
-0.0602305885748
-0.0369898891104
0.059396208578
0.0232629468944
0.0398637698273
-0.0933181214395
-0.0178394480894
-0.0159083612598
0.0813896325435
0.071296576808
0.0901844667278
0.0287835311562
-0.0578604735641
0.0686016526078
-0.0339196387021
-0.0738481583931
0.0713034898195
0.0236726394743
0.0455275475892
0.0386869903828
-0.0527389573242
-0.0443087504829
0.0606665252109
0.0827451298493
0.0613450966648
-0.042018222708
-0.0226505248089
0.013215911703
-0.0530977761539
-0.074740426378
0.0334749588062
-0.0599573385
-0.00781641003056
0.0294860664158
0.0366399334207
0.0170003613943
-0.0418629008035
-0.0300643355777
-0.0862816743412
0.0553399071805
0.0222209951795
0.0437909087687
-0.00808298121061
0.0791242737327
0.00147925187625
-0.00560075359466
0.0128577345379
0.0198461336887
0.0860644489114
-0.025471362939
-0.0820801107248
-0.0164992553682
0.0320496409993
0.0125121265397
-0.048248757516
-0.0407500206166
-0.0805902646993
-0.0755255516413
-0.0409245675833
-0.00096756976238
-0.0936872561521
0.0679454232245
0.034172888285
-0.0599943455595
-0.0708183595066
-0.0667253954699
-0.0952881941362
-0.0319480127116
-0.0816632096891
-0.080648945587
0.0354609922733
-0.0206105115309
0.0840100014019
0.0574249333026
0.0906037309674
-0.0355361054327
0.0995364429867
-0.0629669977514
0.0952502324848
-0.0335452283975
0.0969133149222
0.0510525662114
0.0986360237119
-0.0415110641198
-0.0432886774569
0.0892322447617
0.000672065509239
-0.0549290128535
-0.0651406714339
0.0949402431466
0.0988434172461
-0.0182849435547
0.0124522828516
-0.032861440956
-0.0281118122593
0.0885743122621
-0.0932957022813
-0.0667167681884
0.094920959546
0.00191833217884
-0.0395396284694
-0.0856047756534
0.0687628434626
-0.0637542084971
0.0705660518788
-0.0217731514673
0.0756226202707
-0.0907988849152
-0.0944243764509
0.0447941234643
-0.02665261538
-0.0322528350401
-0.0967136332757
-0.0146970695481
0.0910434295865
0.0153238401215
-0.07530200764
0.0414477270995
0.0602691369079
0.0612876421241
-0.0526984742891
-0.0499208376477
0.0701025149976
0.0700277906759
-0.00661825763106
-0.0419611962327
0.0506510951094
-0.030780436769
0.0284501964955
-0.0625909620416
-0.0608844526443
0.0999903782726
-0.048226988779
-0.0242032605596
-0.0791470747684
0.0831248153603
0.0323747862122
0.0638016567486
0.0778575426586
0.0421285325353
-0.0804359606633
-0.063328824386
0.046281434938
0.0782888392884
-0.0166750919912
0.0212135751285
-0.0304477957773
-0.00217443176125
-0.0780671179018
0.0803815795509
-0.0906339299415
-0.0227420624068
0.0478060714389
-0.0324034136107
0.0381009030655
-0.0960807850515
-0.00300205843798
0.0522867487577
-0.0286166416472
-0.0608026643032
-0.0555548007015
-0.093116344638
-0.083052938453
0.0491170914638
-0.071456509445
-0.0750051948486
0.0830375048069
-0.0348782650482
-0.0689425440935
0.0120389016199
0.0670026153238
-0.0260734818687
-0.0220745269945
-0.0289467539665
-0.0367562554583
0.0217848883488
-0.0150643998294
0.0337423156315
0.0597988253562
0.0761565710698
-0.0304436926822
0.0900286466017
0.0999267081994
-0.0259913946468
-0.0386644612007
0.0242082524918
-0.0233822636505
0.0977835929756
-0.0779939838016
0.076975102305
-0.0963734643575
0.0510369319223
0.0784515635811
-0.0520693032063
0.0356201550095
-0.0931947032038
0.0746077264866
-0.0559035383948
-0.0559648913769
-0.022133435778
0.00761526054153
0.0918516003198
0.0768651751654
0.0123644257977
-0.0674824869407
-0.00697894319009
-0.0970703580044
0.0928560503425
-0.00651863878489
-0.0802773044389
-0.0930244549587
0.00907836694383
-0.00885353195748
0.0269752900118
0.0613740906851
0.0195396760309
-0.0561752376322
-0.0741723221622
0.0770952128643
0.0996040355792
0.0987382845647
-0.00139232848579
0.0237352022825
0.0276899488647
-0.0315935641564
0.0610956839718
-0.0740350494901
-0.0863374761362
0.0283969343983
-0.0335772734202
-0.0444580928841
0.059700118946
-0.0307509227474
-0.00442670265823
0.0199353181461
0.0289635643085
-0.0656125198159
-0.0153609801908
-0.028820434273
-0.0684490020756
0.029077670024
-0.0590044567745
-0.082991450218
-0.043173695943
-0.0924728229453
0.0451578518285
-0.0249566165389
0.0686492186778
0.00732869435108
-0.0450445391414
-0.0615284426415
-0.00783170577042
0.0750620962697
0.0318376329329
-0.0470978428076
0.00334845931691
-0.0740224112247
0.0751304254138
0.093690748362
-0.0521059893949
0.0214654673845
-0.00554812436009
-0.0276810281444
-0.0670351915743
-0.0682596913733
0.0551227321631
0.0704747108687
0.075041799364
0.0690357767434
-0.094828197753
0.0216496735358
0.0555632312145
-0.00335936613643
-0.0134826818194
-0.0501430488261
0.0266485297665
-0.00970828970347
0.062740657992
-0.094091401276
-0.00474797606586
0.0309816611839
-0.0704996066487
0.0789246057321
-0.0182978658069
-0.0407190932911
0.03440787068
-0.0852662424035
-0.0938135668366
0.0697497373404
-0.000270500300048
0.0822913704683
-0.0390755893209
-0.0416881328102
-0.0808751965108
0.0628280119974
-0.026708164578
0.0988105877755
0.00117429107904
0.0982130510239
-0.0848428360867
-0.0270067559711
0.0916126340825
0.0516159602809
-0.0808744461009
-0.0582017227114
-0.0202975780801
0.0455173979061
-0.0212390701611
-0.0474478796082
0.085533847367
-0.0659644137383
0.0879349727824
0.0121815129002
0.0780984830183
0.0235319825948
-0.0616867817266
-0.0753693109139
-0.0450753573438
0.0862299126068
0.0490893849809
-0.0992187690275
-0.0767193751854
-0.0953281460684
0.0307661894
-0.062319094
-0.0415877078995
-0.0182757206556
-0.0405536918063
-0.0293427074183
-0.0128385254918
0.0150353564766
-0.0696043797669
-0.0289040646075
-0.01337236287
0.0443505528726
0.0576380524401
-0.0890707375221
-0.0609965123403
0.0493699156059
-0.0216951802562
0.00328583490046
0.0455595723112
-0.0641534073739
-0.0305516887532
0.00829225037378
-0.0973138242787
-0.0966559802841
0.0303565810837
-0.0292828447217
-0.0151799547888
-0.067157871177
-0.0286399816973
-0.0513781311429
-0.0610853112163
-0.0395692484474
-0.00508773185516
-0.00903217187894
-0.0538980626784
-0.0459787442522
0.0873020708634
0.0841590840323
0.0186118826311
-0.0195073306861
0.0862594588058
-0.033383331151
0.0656854796917
0.0260491682835
-0.0525862518309
-0.0415156691205
-0.0924828621126
0.0177435824029
0.0816100471123
-0.0699765520283
-0.0615611823879
0.0278820132537
-0.0201772361769
-0.0396748449928
-0.0440836196506
-0.00352999277064
0.0845728318201
-0.0338478943123
0.0328326469707
0.100045929477
-0.0383944616714
-0.0435442431299
0.0749197068985
0.00430356298506
0.0723185694188
-0.0327282747437
-0.0993827570819
0.0354745113325
-0.0452012468804
0.0737671997164
-0.015803564476
-0.0696398822727
0.0121200827059
-0.084612264864
0.0624960116829
-0.030676562545
0.0128763029415
-0.0727559912865
-0.0643483867836
0.0364867635928
-0.0107435227124
-0.00909617469071
-0.0763902216615
-0.013257253589
-0.0054347923167
-0.00203979059119
0.0253285693751
-0.00369340856667
0.0450666065714
0.0766333184338
0.100325450127
0.0993327974152
0.05034902301
0.0646020827099
0.0939122996559
-0.0513785313255
0.0796352769972
-0.0863349408984
0.0866347019401
0.0867935814152
0.0247542938112
0.0420701707297
0.0509171392276
-0.0857690320868
-0.091666246413
-0.0969538332067
0.0915887430767
0.0376994016317
0.0197978438978
-0.00544580888904
0.0513076575816
-0.0805585097677
0.013820272699
-0.0841850735123
0.0616300434345
-0.0500260488736
0.0713965881711
-0.0675183389298
0.0546419891731
-0.0254630104969
0.0690890223842
-0.0951140898801
0.0356003647635
0.00589282085392
0.0360589491291
-0.069169406053
0.0105564933823
0.0187060551379
0.0996227163492
-0.0820853047486
-0.0333704571867
0.042168501087
-0.0678547136605
-0.0940924962942
-0.0743952721692
-0.051476622762
0.0784864134479
0.053654405549
-0.0848966137644
-0.0526307562658
0.0261211926339
0.0857014233433
0.0765920872079
-0.0180508870812
-0.0415342726329
-0.067239779613
0.084844286451
-0.0317922478158
0.0744860323114
-0.0363894395661
0.0130309937399
0.0158145764482
0.0819218175146
0.0211713070536
0.0659388381642
-0.00454218897647
0.0256942131367
-0.0499134517655
-0.0524398798917
0.0327046669293
-0.0677934123163
-0.059300312661
-0.0279581914468
0.0515934839087
-0.00533083815619
-0.0180200497019
0.069832910876
-0.00428372838446
0.0594974412436
-0.0698303668057
0.0849669733599
0.0452089460779
-0.0461355815327
-0.0941712609794
-0.0411077291084
0.0366740456891
-0.0658911910948
-0.0856712466307
0.0781442971764
-0.0807557616006
-0.0574808449977
0.0305248482189
0.0348730297247
-0.0117356733685
0.0138616133071
0.0697138353854
0.0745727555917
-0.0136273958449
0.0834315997678
-0.0592116953253
0.00431982269977
-0.0673298789419
0.00464587312775
0.0323600978209
-0.0175778358053
-0.096987325356
-0.0019589924434
-0.0987701826435
0.0282520559178
-0.0969309887931
-0.0452608142509
0.0233947169599
0.0853299520925
0.0196059768793
0.0486671062313
-0.0291771402372
-0.0990103244279
-0.0859179928497
-0.092499651693
-0.0228052129956
-0.0303760478765
0.0564183717648
0.078598845406
0.078576339197
0.0920438887114
-0.01471624948
-0.0388989899422
-0.0623347981771
0.0347830992186
-0.0565316411427
-0.0390168837762
0.0993502708204
-0.0813138239417
0.0726088202863
0.0655835996754
-0.0858682836318
0.000470461879144
0.0930612746081
-0.0061738659032
-0.0608035265985
0.0694568847592
-0.0335678294258
0.0284253686378
0.0744754327502
-0.0944687351659
0.0101775905922
-0.0310356801886
0.0975409950606
-0.0712747216367
0.0400465873004
-0.0817654345378
0.000868821251942
0.0356362860456
0.024135438534
-0.0178477698083
-0.0844281674141
0.0481876288433
0.0543260111716
-0.0366101596443
0.0568507542041
0.0528837954351
0.068592056052
-0.0106425097122
-0.0770662822826
0.060528494596
0.0598416006296
0.0572721597726
0.0258703035582
0.0674150422883
-0.0923665838697
0.0974388406176
0.0157349219365
-0.0819136476617
-0.0872479316719
0.0900217225924
-0.0882972951188
-0.0684259126513
-0.0388461434346
-0.0329754554411
-0.0079629634778
0.0753649181631
-0.0176071400812
-0.0581251782859
-0.0454160788753
0.0394486605602
-0.0449002584207
-0.052885508163
0.100011690904
-0.0501516329072
-0.0114305691372
0.0619431579561
0.0146313481948
-0.0654341649009
0.0874140976688
0.0510959672836
0.0856899808449
-0.00791756872758
-0.0395363877598
0.0703099339512
0.0327493138333
0.0182820970867
0.0796394720541
0.0433718235903
-0.0411760747433
0.0180403854091
-0.0909822366243
0.0433030276215
0.0137221777682
0.0450669045993
-0.0129244172594
0.0620558602267
-0.00914362871627
0.0173451373178
-0.0519016418637
0.0347781227069
-0.0686528833587
0.0225966117592
0.00747357087725
0.00753952735183
-0.04032618594
0.00468671791751
0.0320656190801
0.0290995221532
-0.0318109287434
0.06862085979
0.0708002741041
-0.055229658659
0.0257235776296
0.0366892043022
-0.0361556479669
0.0739061670199
0.0620466314823
0.100226517593
-0.018048703176
0.00350510046022
0.095870302299
-0.0411248592931
-0.029417221409
-0.0780884140438
-0.0017725600989
0.0721645601349
0.0672743066047
0.0844396200744
-0.0994802983701
-0.00931500920236
-0.0951126363501
0.0129970228462
0.0024176471521
-0.0274607534827
-0.0622006275347
-0.0461941804519
0.0380503938412
0.0230822856393
0.00474739471435
-0.0547171422675
0.0522187407622
-0.0879366784955
0.0156448499703
0.0751358967263
-0.0980518012624
0.0492044748439
-0.0261914957946
0.00503834179482
0.0765396566805
0.0561963039159
0.0106516995538
-0.0836513901812
0.0676739059677
-0.0737159787396
0.0499993732796
0.0453653377638
-0.0987233067036
0.0677670281401
0.0217840580174
-0.00307294356273
-0.00338682687172
-0.0757497473232
0.0836636332741
-0.0160189756719
0.0203745787415
-0.0955022990773
0.021986729051
0.0779247627523
0.0282306468668
0.0491789136287
0.0709413533406
-0.0365955366322
0.0896777437667
0.00298491551631
-0.0780702680101
-0.0917752916239
0.0864109074633
-0.0365375477516
-0.008788064567
0.0536567396027
-0.0261839787353
-0.0687521094526
-0.0285468323738
0.0872624572029
0.0591355460258
-0.0905675956128
-0.0548360980877
-0.0544831909854
0.0683959425887
0.0987568581831
-0.0358602938882
0.0296740701713
0.0625812537782
-0.0206567856463
-0.0107102044774
-0.0657269413785
0.0687212541083
-0.000763881527148
-0.0636642712969
-0.0980631966857
-0.0579391396589
-0.0663288305647
-0.0651834793066
0.0460455507582
-0.0515365235653
0.0247680602623
0.0593277902605
0.0517450449168
-0.0127493136689
-0.0126519296264
0.0858333721292
-0.0455520846371
-0.0319395154426
-0.0244821384342
-0.0552396620182
0.0423836027306
-0.00862434848322
0.0321275349271
-0.044981889947
-0.036360196695
0.0809804007761
-0.0111783678046
0.0987683804783
-0.0369561477986
-0.0644438972485
-0.0796434511301
0.0659276479523
-0.0900649012417
-0.0789899613218
-0.0500811737836
0.0480060988247
-0.0848810528354
-0.0563759588938
-0.0148575676364
0.00992074310373
0.0134631705673
0.035841913907
0.0293393861005
0.0579772125192
-0.0786301025447
-0.0140552682825
-0.0223956883607
-0.0605956112275
-0.0298215686891
0.00057920938079
0.0549109914931
0.0759184641714
-0.0462844086811
0.0508873569471
0.0883850045275
0.0437149543374
-0.0209037478897
-0.0396725071421
-0.0919508239481
-0.0564404912117
0.00430732988031
-0.00642201489983
-0.0949243960572
-0.0772488706438
-0.061622446643
0.090746466891
0.0019377059694
-0.097184628585
-0.0702363516578
-0.00587330011737
0.0349065087369
0.0484072154432
-0.0121586577706
0.0349341233885
-0.0309785520599
-0.0879795995915
0.0789699939906
-0.0480900929623
0.0474671560124
0.028886963561
0.00199923119461
0.049557976224
-0.0781508417281
0.0169925495378
-0.0843512629983
-0.0683559061173
-0.0509401862431
-0.0921386241453
-0.000709191215797
-0.050769361401
0.0127185413225
-0.0382372911403
-0.00354464370245
0.089906385014
-0.0382562699377
0.0331945318195
0.0328161587444
0.0289103133339
-0.0623660439363
0.0149607016648
0.0961894961014
-0.0224555646237
0.0767665971101
-0.049351520472
-0.0465127692916
-0.0668290007399
0.0999586546809
0.0189098128401
-0.0563344299575
-0.00234771904277
0.00709999980094
0.0515879542189
-0.0231132645393
0.0437694655786
-0.000505572260751
-0.0449200780994
0.093726630527
0.0250754336465
-0.0936789330752
-0.00644451295991
0.0536525009842
0.0558897689648
-0.0274699422639
-0.0357689174766
-0.0116413483626
-0.0904189714592
-0.0198179378472
-0.0463346711444
0.0268181716401
-0.0443654735847
0.0308365950361
0.0725765582611
0.0726116100414
0.0261611375007
0.0501772043068
-0.0134124982582
0.0799387319788
0.000255399338453
0.0453227476502
-0.0302230904135
-0.0772023497461
0.0131971304216
-0.0281243887928
-0.0443744896167
-0.0312551613358
-0.0433994128635
-0.0148892853607
-0.0988811490045
0.0614881171683
-0.0836825207281
-0.0474694398803
-0.0025928301471
-0.0943644392549
0.029108166062
0.0207645861881
0.00155274840774
-0.0158264941806
0.0730069826909
-0.0488640829299
-0.0364062258271
-0.0400458802842
-0.0270371297317
0.0316151376428
-0.0404316501051
-0.0179955167184
0.0411947044185
-0.0298618122614
-0.0699437648782
-0.0945893433515
-0.0840916699972
0.0267563883291
-0.0709002610411
-0.0403440394651
0.0795266545209
0.0854329570762
-0.0280110423265
-0.0312144698676
0.0310830377433
-0.000291332658238
0.0676987450465
0.0323351117781
0.0244170479379
0.00987785071332
0.0745561139983
-0.0955633639156
0.0256791775249
0.00154441848072
-0.0667474895691
0.0549362545519
-0.0982333492524
-0.0304158010192
0.0491115085912
-0.0434526187104
0.0448770813047
-0.00512930160308
-0.0750286834677
-0.0615393769936
-0.0704955445429
0.0579047176325
0.00386599626403
-0.095629815601
-0.0380601623808
0.0123081744013
-0.0971718631358
0.0949387456184
0.0566840200191
-0.0245948101927
0.0539135041446
0.0599015763754
-0.02276923868
-0.0441775164049
-0.0722713232897
-0.0755208109875
-0.0304426109263
-0.0148303285851
0.0658033478918
0.097906877299
0.00253197253124
-0.0492074081842
0.0247151135104
-0.0667254769211
0.00142936224691
-0.0361448373331
-0.07639447359
0.0714852541475
-0.0675641054456
-0.0744491476518
0.00445257910185
-0.04165816521
0.0493185189558
0.0808064127482
0.0906163004981
-0.0834887031267
0.089799327553
0.0514532271366
-0.0206552781737
0.0665731183574
-0.0484150256634
-0.0488758432014
-0.0204160925864
0.0451439164846
0.00182712742926
0.0649870426747
-0.033452012001
-0.0714452670085
-0.0678006124216
0.0191976315808
0.0818819026604
-0.023922182493
-0.0361184099638
-0.094646551637
-0.064830856958
0.0447424345805
-0.0615935933849
-0.0154232631562
0.0546136755214
-0.0302068032654
0.0766303174358
-0.0389865582347
-0.0736561942724
0.0466396318975
0.0354856546651
0.0873429304364
0.0541075228469
0.0967627598026
-0.0193376164399
-0.0419304995656
-0.085789220413
-0.0487616502811
-0.0185356407305
-0.094222707641
0.0468746860062
-0.00520973253538
0.0688530929572
0.0326039726503
-0.0918991683583
0.070828136809
-0.0662879970788
0.0876825517114
0.0124572041136
-0.0876328934633
0.0268574308284
0.000200078056846
0.0477332195238
0.0854222528366
-0.00821345033891
-0.0463900980113
-0.072380404727
0.0237891446123
0.0692839968472
-0.0554323995363
0.0671490561297
0.0100295885863
-0.00990758600986
0.024594897739
0.0928951394693
0.085504874314
0.0756067464644
-0.098097420141
0.0274264213274
-0.0907075539109
0.00387810388751
-0.023164763899
-0.0718637625172
0.0344860811335
-0.0908271675196
0.0716417617306
0.0525787852109
0.0831673064195
0.0970553155163
-0.0498219042082
0.0957958437464
0.0128482640463
0.0438326280126
0.0961330383223
-0.0604865294001
-0.0972960534771
-0.0561895977995
-0.0576359206259
0.0365353730107
0.0556156223617
0.00725509535921
-0.0838492320236
-0.0775726929164
0.0491450882752
0.0634615679857
-0.00286574541772
0.0275837461403
-0.0600252201827
-0.0299087771831
0.0322662003697
-0.0856035599039
0.0542500548653
0.0251539199002
0.0847165914334
-0.0985455147153
-0.0303010927741
-0.0263348346968
-0.0516193765239
-0.0186893031685
0.0716236741058
0.0380860842851
0.0146385817339
0.0381541077111
-0.016294576454
-0.0676038113457
0.0300872589801
0.0431905038007
0.0866223652403
0.0115617505949
-0.0849778138881
-0.014934189797
-0.0688062901751
-0.0754365089983
0.0248584611178
-0.0110932349943
0.0567489384476
-0.0455932115305
0.0366697459319
-0.0125998394698
-0.0898373004309
0.000390997175866
0.00146019167529
0.019062664456
0.0698658218397
0.0583309168282
-0.0684211366377
0.0919361202861
-0.01607413574
0.0404490707343
0.0767564886078
0.01326310438
-0.0553610873323
0.0274654706586
0.0732020815027
-0.00226219738815
-0.0682376868579
0.00712467444508
-0.0438317283992
0.0493849671496
-0.0100739495246
0.083563918136
0.0838398988491
0.034960303796
-0.0229121179681
-0.0238003766157
0.045269233208
0.0535346649997
0.00430193280467
-0.0622724716888
-0.0453892659015
-0.085602398639
0.0320464470538
-0.0336996278904
0.0561919226567
0.088366274522
0.046936124418
-0.0249051026348
0.0680141941048
0.0862383134267
0.0148924419998
0.0686211343478
0.0543443096035
-0.0376993771447
0.0691719893255
-0.039227023244
-0.0702480787421
-0.0811203215585
-0.057006308003
0.0522600085504
-0.00468971365174
-0.0532535689772
0.079475446297
-0.041072051502
0.0375516369074
0.0480166474496
0.00717444367351
0.0932061515269
0.098192365992
-0.0501806624479
0.0301734594548
-0.0195963552824
-0.0286764839289
-0.0139638741603
-0.0982495671109
0.0356213317758
0.0474582267003
-0.048983301892
0.000985814826224
0.0421304146946
2.38346674848e-05
-0.0460168818244
-0.0649017895158
-0.0463938627864
-0.0914793176967
-0.00798519187013
0.0976664293417
-0.0956983538542
0.041091166808
0.0184530486782
-0.0303371680534
-0.0613055890706
0.0320203773825
-0.0803920528678
0.0502503078766
-0.0928457292416
0.0922970544469
0.0366835690385
0.0115549575164
-0.0209147802084
0.0931208455639
-0.00422925822164
0.0898230740539
-0.0496173891717
-0.01216499348
0.0817967665233
-0.0400465889133
-0.0975168557277
-0.0207139338496
-0.0793765217419
-0.0885402996518
-0.0297324359029
-0.0725298843412
-0.0979963155694
0.0882054698942
0.0774933225472
0.0743058738514
0.0733816031239
-0.0233231560154
0.0124469605537
0.0202017695359
-0.00661224029394
0.0368097696096
0.0301506867754
-0.0678214168598
-0.0102826440632
-0.082504680216
0.00821945141585
-0.00559074645751
0.061040323038
-0.0337770611356
-0.0271011032215
-0.00731606311387
-0.0061281830938
0.0164203014088
-0.0887827983785
-0.0874195790422
0.050262477145
-0.0751844942696
0.0721660678861
-0.0110005328119
-0.06538224794
0.0412087794303
-0.0928994742663
0.0184644487217
-0.041214504965
0.0703954936274
0.00520105083197
0.0919690205782
0.0111548825822
-0.0687591425227
0.026678497639
-0.0761091199337
0.049401132489
0.0379536775108
0.0018818710096
0.061911774667
0.00717913306626
0.085589623903
0.079263967277
0.0464126296195
0.0972408248792
0.0257569035681
0.0103893252173
0.0608898785664
0.0475632522599
-0.0610041713302
0.0034522796925
-0.0395221875709
0.0662125861512
0.0197400416076
-0.0175809177873
0.0553305126055
-0.0138640564842
0.0318982773519
0.0339313246244
-0.0931130303091
-0.0977773177361
0.0244423270813
0.0164226421007
-0.0577543586428
0.017512366179
-0.0227391609224
-0.0867864228114
0.0877399897176
-0.0748312871405
-0.0303595006366
-0.0908282540589
0.0609207892942
-0.0922963278799
0.0917062422844
0.0337218136031
0.0294012615573
0.0943859011721
0.0448137953566
0.0546008097151
0.03355787742
-0.0776931831032
0.0736354345457
0.0904538828759
-0.0227891319378
-0.00255221462046
-0.0989851998036
0.0548768575318
-0.00793935847945
-0.0572761011624
-0.0253653653635
-0.038670203136
0.0506207307981
0.0747584471367
-0.0242281691741
0.000392578814009
-0.0543076076329
-0.0358428971606
-0.02455095648
0.010102927009
0.0781590988826
-0.0418003622293
-0.0440149941759
-0.0563488312229
-0.0797455108566
-0.0882335009091
0.0694338495896
-0.0296862757548
-0.00209422473103
-0.020189625091
-0.0406684630906
0.0454750007778
0.052409060467
0.0328730292316
-0.0545333018426
0.0336105005989
0.0778019594776
-0.0518646688815
-0.098590366482
-0.0271813153113
-0.0279575985541
0.0608607158377
0.0751760619073
-0.065619281657
0.0796763295055
-0.0501903863388
0.00242636180267
0.0724471704025
0.034922161214
-0.0607614362298
0.0229846320647
-0.0133577153875
-0.0707389963015
0.0698181255565
0.0741422620983
0.082602650576
0.042575979497
-0.0703664940157
-0.0762835104787
0.0673012225332
-0.0613067248353
0.051824115832
-0.0709700075411
0.092162780859
0.0761623717198
-0.0869735391885
-0.0975323906708
-0.0169633791126
0.0205815539037
0.0333772281564
0.0694295993538
0.0890799411842
0.0534557856376
0.0124757676453
0.0173409115404
0.0608907927527
-0.015438049616
0.0922776202964
-0.0290371247342
0.0747367056993
0.0613810338366
0.0778546520113
-0.00598159531188
-0.0442019925043
-0.0665120694434
-0.0915257000445
-0.00891235609318
0.0637529134968
-0.0757290710228
0.0146240707343
-0.0797303320186
-0.0922771134017
-0.0736835394786
-0.0945564215131
-0.055357239689
-0.0390403306669
-0.0745569982586
0.0233415862142
-0.0359758590656
0.0325313249572
0.0571139833776
-0.00637815660065
-0.0154025227753
0.0631315633181
-0.0566229382562
-0.0132224047856
-0.0448338977375
0.0404091321754
-0.0480276192377
0.0962935023201
-0.0549983888217
0.0225797435724
0.088703077327
-0.00977469566922
-0.0666086542595
-0.0104253027551
0.0326707422625
-0.0987978963364
0.0674921146416
0.0675986659335
0.0644679300248
-0.0305628126094
-0.0179747362202
0.0396190341236
0.06838004524
-0.0401032666976
0.0835173209235
-0.0550773312993
0.0939399363884
-0.0664446095783
0.0637210054536
0.00193054517186
0.0403695017178
-0.0936435728481
0.0628101136822
0.0956352354009
-0.0311023894441
0.0475294065229
0.0779043068044
-0.0729309082865
0.064746653157
0.0699960297426
0.0407800419708
-0.0257127242585
-0.0944926020842
-0.028915964508
-0.0714955036754
-0.053523029467
0.0861164757405
0.0368808388088
0.064022123789
0.020414450205
-0.0566313290641
-0.052328187778
-0.0783844084984
0.0880311219351
0.012665565814
0.0751115878435
0.0924854757915
-0.0480981897503
0.061454536732
0.0315738832659
-0.0569754409628
-0.0671997581997
-0.0546311819107
0.0204088824389
0.0317908552821
-0.0727868213641
-0.0507516753208
0.0109824926996
0.0462990002124
0.0306900831611
-0.0170586650098
-0.0480018455679
-0.0259540309302
0.0314649376213
-0.095204734101
-0.0354986275335
0.0170463588567
0.0643499914223
0.015153644918
-0.0889260065771
0.0434273203488
-0.0120808898052
-0.0138365840509
0.0589758006596
0.0639450787737
0.00241539703107
0.0349491858112
0.0937728303382
-0.0588904979185
-0.0855864142892
0.0681169797738
0.0601960121369
0.0626932820896
-0.0162782816352
-0.0163941230098
0.00293175202098
0.0272359439072
-0.0907925563633
-0.0273100790878
-0.0290101451384
0.0385280202298
0.0591239544447
-0.0242067006926
-0.0107559576326
-0.0378833685604
0.0379758035032
-0.0564127520607
-0.0849993011786
-0.0131849516823
0.0486562974443
0.0909671029454
-0.025121097626
-0.0512772920148
0.093629674359
-0.0743852676061
-0.0692186300733
0.0903400018958
-0.0825503692302
-0.0300448031426
0.0248308629037
-0.0555416009657
-0.0921087116477
0.0891852729853
-0.0346772864873
-0.0824617749575
-0.0747402111253
-0.023509671953
-0.00586675700997
-0.0889734261645
0.0956956836149
-0.0692896995589
0.0927988603141
-0.087276239494
0.0457054129564
0.00924392074448
0.0255774007742
0.0616464630806
0.0643523909128
0.0775718938557
-0.0717931113064
-0.0857949038058
0.020156236356
0.0332022522884
0.0745406328796
0.0129327097616
-0.0680612639664
0.0683262765424
0.0689660632546
-0.00380238811247
0.011779373163
-0.0343295074162
0.0672392001719
-0.0983750145928
-0.062903595279
-0.0122514386553
0.00415508006281
-0.0470798370498
-0.0405154949748
0.0316301262772
0.0487297383281
-0.0990355242321
0.0413804901841
0.00180400361222
-0.092218441247
-0.0724886580847
-0.012730287686
0.0609315014946
-0.052477365686
0.0374483978232
0.0178583795646
0.0524723142593
-0.0844378035701
-0.0246881983187
0.0111304562097
-0.0112427807813
0.0916222754943
0.0516844733185
0.0520630885832
-0.0986521251759
0.0247367362228
-0.0983197546538
0.0896146699036
-0.0295362316192
-0.0958253427707
-0.0852583372168
0.0993039216429
-0.0407665020454
0.0863789054941
-0.00221099157624
-0.0264182512851
0.0391923952255
0.0824277945383
-0.0210168185185
0.0569473066093
-0.0874488178605
0.0340282465426
0.0397192688409
-0.0577919311044
0.0354230566073
0.0129755003494
0.0668951693581
0.0373154312687
-0.0608942841452
-0.0314870238205
-0.0915825836711
0.0031041320748
-0.0256903878017
0.01289564197
0.0174354882328
-0.0624722750355
0.011946928046
0.0818528050158
0.0964127463316
0.0648575543482
-0.00319499421207
0.019387941447
0.0470973255278
0.0814341286498
-0.0246044987514
0.00208380363334
-0.0434163099191
-0.00188878852381
0.0711690245286
-0.0396060470637
0.0404038928083
0.0314887046351
-0.0231035262464
-0.0877179184121
0.0744834025691
0.00680750865386
-0.0177712236996
0.0138367759882
0.0103975386639
-0.0333644509956
0.0453541058757
0.0709806518864
0.0936808294546
-0.0643700845492
0.0469509477128
-0.00926111522874
0.0606037687486
-0.0109560569532
-0.037919157875
-0.0356455116711
0.0476071561497
-0.0257469612706
0.0271429036089
0.0133056732387
0.0690852734571
0.0364216610172
-0.088927819655
0.0113373363888
0.0564266159967
-0.0916124684532
0.0147769148592
-0.098418979888
0.0139930437728
0.0608964810688
-0.0150566691033
-0.0216268058679
-0.0222681229779
0.0450081649257
-0.0831494563827
-0.0968598743601
-0.0237433102818
0.0693815613524
-0.0632345042336
0.0488600630715
0.0872378840771
-0.0480562930708
0.0733999846884
-0.0897015492245
-0.0740593624573
-0.0614333647955
0.0762028652666
-0.0896795909227
-0.0292495123144
0.0475686030242
-0.0202535945792
-0.0212281807417
-0.0344391705991
0.0214211331388
-0.00342299509571
0.0465852965143
0.0688051396509
0.0171024630471
-0.0878098213737
0.0417639043249
-0.0440644414015
-0.0653092518372
0.0806320440041
-0.079744695845
0.0941761671749
-0.0896028330986
-0.0923599641005
0.0209814790489
-0.0390702092374
-0.0217818112611
0.0532008220949
0.033202573617
-0.0376251653587
-0.0255000226602
0.0609427936915
0.0227552603612
-0.0649339679124
-0.0746908666777
0.0365761397702
0.066064807499
-0.0871446791009
0.0638194728759
-0.0210244965589
0.0151476393341
0.0809032869105
0.00667089497296
0.0473145975579
-0.0245483059792
0.03974793417
0.0487891953352
0.0589139910498
0.00715351700504
0.0139603838031
-0.055684475396
0.0150986110165
-0.0680473740294
-0.0498895321936
0.093281794488
-0.0682104992437
0.056185419478
0.0853865178568
-0.0420924167275
-0.00444676168293
-0.0674888645148
-0.0396002607883
0.0889736794275
0.0998320818563
0.00818398336307
0.0886943272719
-0.0549647508098
0.0685703011373
0.0595864737578
-0.0686894866095
0.025280623211
-0.07965567068
-0.0610651845729
0.0687821505844
0.0373858741199
-0.0702067562222
0.0212127281876
0.0550187929252
-0.0879282192996
0.0233667656775
-0.0569280033197
-0.0331372193123
0.000795875649195
0.0499501427779
-0.00532960567138
0.0566704486706
0.0529118730812
0.0542523455364
0.0136652517235
-0.083364410545
0.03099895636
-0.0148567165186
0.0971428183023
0.0738933758967
-0.0100747960322
-0.0593433854389
0.0991608748402
-0.074851422823
0.0358546901994
0.0692584646115
-0.0962604820004
0.0381725567182
0.0127994349778
0.0467680984249
0.0980934093395
-0.0703383394784
-0.0571837169384
0.0475113157325
0.0764900497781
0.0314238644338
0.053972084966
-0.0301622305877
0.0277056744908
0.0174594393745
0.0321997868017
-0.0130635360444
0.0321037289729
-0.0274314776653
-0.0343165242758
0.0719567126079
-0.0248510934893
-0.0991754011986
-0.0914624539037
-0.0991070302477
-0.0136740109274
0.025253243442
-0.0684520009407
-0.0434161267247
0.00254829154966
-0.0746280206811
0.0923278545173
-0.00758388984291
0.0982968060481
-0.0384385346672
0.0821438316393
0.0294973066854
-0.00894281259718
-0.0358577266769
-0.0734780624978
0.0261046033345
0.0527990086763
-0.0685325131102
-0.0373645771172
0.0622414674006
-0.0343129140333
0.0800336199632
-0.00297559419426
-0.0825515278985
0.0100009076648
0.035128779936
0.0664082638834
-0.0631136425595
0.0676735364914
-0.0870663818388
-0.0520279278184
0.0141271181393
-0.0551895702218
0.0887664314193
-0.03521116677
-0.0588436559925
0.0481246268171
0.0623833237206
0.0280338593964
-0.0215208711573
-0.0403278982144
-0.0506201371191
-0.0898568355782
0.0992962169858
0.00805386132877
0.0224168390796
0.0112134279911
0.0716007588877
-0.00423274324662
-0.00638463561316
0.0132916677568
-0.0266593918227
-0.0391077155028
-0.0252409702089
0.0133504916885
0.0705014063402
0.00231559115861
0.0882495839175
-0.0710961689027
-0.0396789703191
-0.0140605122821
0.0462129975911
-0.00863010427257
0.0825948699303
-0.066501010279
-0.0882410098129
0.0336407040915
0.0380298506453
-0.00101226294433
0.0904328705968
-0.053395416409
-0.0182698645732
-0.0794206577385
0.059233476064
0.0398998984398
-0.00919195061602
-0.0718594704455
0.064433414559
0.0599645777902
0.0628161811706
0.0555974567119
-0.0834996186268
-0.049458653724
-0.0382188971986
-0.055766785133
-0.0977075870381
-0.0847115784457
-0.0433363436833
0.06572496684
0.000396558064669
-0.0545196740021
0.0865649185834
-0.0021701421244
0.0555501490779
-0.0700739430957
-0.0702713156522
-0.0957766257026
-0.0463015152928
-0.0588667721327
0.0634037190496
0.0326785750373
-0.0193140372486
0.0751041104242
-0.0318973779743
-0.0129367799299
-0.040438205827
-0.0218896224712
0.050604568613
0.0669363495646
0.0367642470849
0.0366396824664
-2.30320748073e-05
-0.00685839581123
0.0881916634625
-0.0200166164494
-0.040036375859
-0.0593777452485
-0.0175479607556
0.0350743852908
-0.0188064159395
-0.0928918688375
-0.0399636510549
0.0124875848717
-0.026384325572
-0.0682948051916
0.0610515013493
0.0724934786466
0.0333252135915
-0.0699586153432
0.0245787499753
0.0481063603859
0.0651905128923
-0.0633383554572
-0.010184627434
-0.00255982686881
0.0131534016743
0.0621736072651
-0.097927251341
0.0481964877223
-0.00851060589874
0.0022627232395
-0.00152446547014
0.0483886110897
-0.065731591656
-0.021676548626
-0.0367311288942
0.0384126706184
-0.0334788985323
0.0959639368264
-0.0583248840904
-0.041731815619
-0.0575439231519
-0.0648149303379
0.0715146261511
0.0754706959145
0.0528965113993
0.0482879773333
-0.00689585158004
-0.0971721972276
-0.0671889855914
-0.0808771068618
0.0451197086347
-0.0564161622575
-0.0725711366933
0.000998289985323
-0.0688771267769
0.0739614779604
-0.0893913747859
-0.0810213424415
-0.0015018295471
0.0859882367682
0.0986321394012
-0.0213360224547
0.0724423986735
0.0307545585454
0.0390538362074
-0.019494796985
-0.0258450494454
0.0693110958552
0.064639650673
-0.064208191376
0.00619484976915
0.0696191825585
-0.0459805357219
0.0664399630171
-0.00373773469265
-0.0476930661797
-0.016619163265
0.0495117609597
-0.0913248975724
-0.0015717459112
0.0268000988277
0.0487320464938
-0.0506382079488
-0.0842638251192
0.0212122979315
0.0281119454488
0.0340078340548
-0.0388292510819
0.0325237621851
0.0789385082334
0.0417183783584
0.0183228387098
-0.0952932059413
-0.00441355092209
-0.0847565547454
-0.0938305804548
0.0404759719074
-0.00849586184053
0.0885631990982
0.0905165143318
0.0486060231429
-0.0428430745714
0.0251925339322
-0.0400946908661
-0.0876700054398
-0.0258117535623
-0.0362242963753
-0.00980147829025
-0.00909921858717
-0.0591841360299
-0.0200806328379
-0.0599384643944
0.0547587494403
0.0493796558031
0.050564577318
0.00574848173604
0.0395770101762
-0.0409420492823
0.0931654727019
0.0860267670299
0.0952921460038
0.0617133692407
-0.0735293218598
-0.0407809768
0.0134558053843
0.090412107887
0.0433981920228
-0.0328650398149
0.0573083352756
-0.00407150704329
-0.0646359773791
0.0333067610594
-0.0150041895139
-0.0921672649259
-0.0751601800243
0.0410937640791
0.0662748664067
0.083668303683
-0.0483741954425
-0.0258627329928
0.052498638382
0.084421166342
-0.0400855103908
0.0185808761547
0.0538818138303
0.0205261916996
0.0259082156811
0.0452113550609
0.0453949573275
-0.035387826133
0.0340652849422
0.00489050147165
0.0680054206029
0.0315213459794
0.0452013127341
0.0360804207012
0.0527566994883
0.080239360518
0.0168914246203
0.0493665195114
0.0369587161889
-0.0592229307685
-0.0522479842522
0.0971268576142
0.0174921419752
-0.0195070298035
-0.00558868258384
0.0513012868531
0.0700095021414
-0.00711139672357
0.0796144570098
0.060179173845
0.0152250497649
-0.028074011068
-0.0601298283626
-0.0545541609273
0.0941214350564
-0.000469168783046
-0.0972070878154
-0.0690742877775
0.0962455822438
-0.060641782725
0.0629911444032
-0.0897630462733
-0.0409750190568
0.00287980412323
0.0558386486881
0.0769210097839
-0.0371867306598
-0.00639221120575
0.0330794163057
-0.0492580327915
-0.0611766356632
-0.00691274909528
0.0645056730303
-0.0779960552306
-0.0626678603581
-0.051954590427
-0.0731295032504
0.0282837506541
-0.0859926958443
-0.0835413823193
-0.0312329188966
0.040634973393
0.0815492614579
-0.0139282729555
0.0278865467368
-0.0150432142111
-0.0311530439108
-0.00151689842357
0.05807926341
0.0747504400424
-0.0812955817343
-0.0526597205737
-0.0384928306077
0.016501824785
-0.0961934156883
-0.00422002081168
0.0576343299946
0.0230632758946
-0.0665835053866
-0.0617504796294
-0.06204754615
0.00674454943933
-0.025398551726
-0.0781763046409
-0.0784864727885
-0.0480415801132
0.0533976151211
-0.0183882655877
0.0214765489459
-0.0603829547336
0.0164811242777
0.0138937016308
-0.0743160764125
-0.0398554527085
-0.0859520996672
-0.0912349284007
0.0434588523412
0.0253344069907
0.065109883331
0.0172467944971
0.026341019125
-0.0338628629161
-0.0967237121452
-0.0359349447846
0.0673290535377
0.0579924819224
-0.00034911989439
0.0562293362415
-0.0232299628868
0.0951233595113
-0.0327609373629
-0.0458591436928
-0.0160267296756
-0.0491355941098
0.0570049357275
-0.0382894188613
-0.0261269359681
0.0395549832521
-0.0187851671632
-0.0270062705061
-0.0530469394423
-0.0203205676868
0.0363781636232
0.0888926793094
0.0380188082829
0.00843246808221
-0.0707031607789
0.0530230610399
-0.0340532811057
-0.0177168329606
0.0905081569309
-0.0311270903291
-0.00557194763497
0.0160217182104
0.0990942207203
0.00509283349422
-0.047573103752
0.0381335493331
0.085616321698
0.0635789279702
-0.0572247306195
-0.0923768367975
0.0496332126085
0.0598628440221
-0.0393518489797
-0.0296717553245
-0.0396931949672
-0.0855462580253
-0.0139790725323
-0.0437152080403
0.0854265777775
0.00766707941031
0.0385356208037
0.0138661934038
-0.0154397956303
-0.0270213655121
-0.0634606878985
-0.0258353288114
-0.0714258756153
0.0912432497053
-0.087491583206
0.0439436738438
0.0648122705186
-0.0851380974908
-0.0548122108145
0.0984659558389
-0.0776730232282
0.0809731770091
0.0456507291679
-0.081964213639
0.0297927500406
-0.0252771792037
-0.0353126926163
0.0469570255221
0.0647816210147
-0.0751578546448
0.0415162253203
-0.0951332956056
0.0873817166829
-0.0510122183238
0.0183258253535
0.00502018563339
-0.0736600211644
-0.0420867116218
0.100541904276
0.0514271954312
0.0331163634812
0.0431135535804
0.0527095834325
0.0368675023656
0.0360146646774
0.0355996338844
-0.0352440928733
-0.00405611999834
-0.0492035621641
-0.0731718071689
-0.0235026053816
-0.0128425537061
-0.0348756601883
-0.0587974053751
0.018008788488
0.0164944299633
-0.0280123401083
-0.0569612305254
-0.0403950862302
0.0791274500626
0.0263114071392
0.0576573990265
-0.0709943259441
0.0194303178793
-0.00470364309434
-0.0173758228365
-0.0940421430872
0.0512013054691
0.0746867468989
-0.0988317146232
-0.00355560850236
-0.0369838483543
0.0233275282245
-0.0845697524599
0.0259494554083
0.0908797467622
-0.00983265502229
-0.0340903523371
-0.0388357103202
-0.0873614220456
-0.0967514647748
-0.0735881219613
0.0512003396931
0.0842512130316
-0.0934104939057
-0.057966017255
0.0209620505514
-0.0535235311199
0.035985566617
0.0265704558401
0.00100118064466
-0.0645407764525
0.0380814901816
0.0273954362497
-0.0964940872948
-0.0919252273248
0.0982079053737
0.0627762076964
-0.0633622473406
0.0100391550359
0.0975921857448
0.0517661861527
-0.0601706667263
-0.0634237365628
0.0930041420206
-0.0653136417956
-0.0786803615274
-0.0152788987874
-0.0395376153108
-0.00972778260668
0.0108374359072
0.0692506230559
-0.0984333635017
-0.0166392772065
-0.0456302779546
0.00481126473312
-0.0641904887328
-0.0978787380509
-0.00260822091998
0.0231014430521
0.0123222990352
-0.0303517021886
-0.013346874984
0.0221140857956
-0.0785509519998
-0.0297322819531
0.0618937499043
-0.0458698275689
0.00332517125044
0.0837202913796
-0.0234695338015
0.0560903602901
-0.083592880548
0.056911791408
0.0724628894537
-0.0591855685607
0.0934689757687
-0.0339871159361
-0.00213756340457
0.0302859009531
-0.0428096236285
-0.0278354906134
-0.0195275233149
-0.0481410247423
-0.0215415887365
-0.0148319886727
0.0530943098404
0.0233006291892
0.0195921976025
-0.0537124592123
0.0877123843312
-0.0594414123704
-0.0336322215799
-0.0548695739991
0.0463900050757
-0.0344275612219
0.0552823519069
-0.0834958368433
-0.033387820372
0.100436609471
0.038843537312
0.000370772544641
-0.0942967475573
0.00465285421821
-0.0288825379037
0.0154340797858
0.100344546786
0.0726177499927
-0.0896552839329
-0.0887927804124
0.0209793514174
-0.022446714549
0.0297920296178
0.0296724290764
0.0222702653901
-0.0623612057528
-0.0393996557642
-0.00344029768593
0.0630624336853
-0.0578176770292
-0.00950691642679
0.00900547706364
0.0855664007802
-0.0182109074737
0.0672599593279
0.0761235746058
0.0469206296736
-0.0614088597881
-0.037638899592
0.00775827069904
0.0282386715848
0.0398025812857
-0.0843281199024
0.040299007842
0.0525905188431
-0.000981204766477
0.0979202022603
0.0730041169281
-0.0708071473568
0.0240775306792
0.0979813581196
-0.0654486448618
-0.0611380313041
-0.0123815751197
-0.0425133737626
0.024879663353
-0.0577309122049
0.00446835419984
0.0696655793134
-0.0349317235455
-0.0561388412233
0.00388174084263
-0.0303952853671
-0.0509259322611
0.00383022753168
-0.0253382003228
0.0217506693579
-0.0531473875123
-0.0928625519459
0.0999569682113
-0.0492007507096
-0.0641427487684
0.0446965238536
0.0345784538672
0.077325135264
0.0531819900528
0.00771267307171
-0.0843173064438
0.0807587523283
0.0305334984477
-0.0285335651252
0.0301983985646
-0.0154546022404
0.0213784363722
-0.0737080728935
-0.0456103290507
0.0731214316239
-0.0327573569363
-0.0867642708193
0.0964751728089
0.0722422448305
-0.0393449714938
0.0439372383307
-0.0527966923683
-0.0293781663086
0.0127839877035
0.0651782854777
-0.00085284969864
-0.00975310492092
-0.0813780922796
-0.0243182195096
0.0874821146007
0.0506667329731
0.0309627194532
0.0398647308874
-0.0408207047591
-0.0152126957511
0.0200339190614
-0.0692074699584
0.00942078864523
-0.0716864385486
0.0961290205076
0.073117167682
-0.0847101387764
0.0793964563968
0.0769993367021
0.00973889522849
-0.0933284007798
-0.0259235843606
0.0966793216619
-0.0763919070108
-0.0927594910958
-0.0951106083095
-0.0836348834874
0.00966533719302
-0.0749589997281
-0.0931715158316
-0.0442942668372
-0.0307399068412
0.0921458550956
0.0734155062715
0.0435840502904
-0.0634448729693
0.0328576913535
-0.068959109561
-0.0326027159625
0.09836003626
-0.0661720474811
0.0767723707419
0.0265626676916
-0.023573181262
0.10017025875
0.0639999704811
0.0745168964212
0.000472862891679
-0.0349695980621
-0.0334763706263
-0.00296760589909
0.0284042825257
0.0372060952124
-0.0250913984997
0.0776975148206
-0.0377705185839
-0.0496475951793
-0.0878062601698
0.0276811690722
-0.031834489773
0.0447556127655
-0.0643649551323
0.0617730718759
0.014320099719
0.0040216556719
-0.0464437362073
-0.0486363330758
0.00383287980603
-0.0875254238211
0.0994507384071
0.0894949850464
-0.0888737679715
-0.0888821614532
-0.0525496563317
0.0873160859638
0.0337014227739
0.0933204302239
0.0839882662506
0.050126111376
-0.059633935947
0.013492499267
0.0740832231238
-0.0252231720688
0.016889520733
-0.0262194763082
0.0833715117771
0.0519210762452
0.0466279330695
0.0965935531035
0.0873077692784
-0.0496858639004
-0.0731854851113
0.0266010587169
-0.0932971665228
0.0901543623398
0.0822929722119
0.0469680590801
-0.00356496976728
-0.0437930933872
0.000445323864412
0.0160218246472
-0.0466062056742
-0.0794978756535
-0.0737160802535
0.0681525013465
-0.0614261159214
0.0295242799811
0.0440014004354
0.0333049243314
0.0471566832291
0.0218579103326
-0.0440629475546
0.0278965312513
-0.00624234728116
0.0536967722763
-0.0511208087387
0.0971197393277
0.0324088531173
-0.00707666508677
0.0458539330808
-0.0515953875614
0.0338266223131
-0.0727371795189
-0.0318478218207
0.0676360857698
-0.0219551749315
0.0751190939643
0.00656100244238
-0.0210546700052
-0.0391828100995
0.00433918016721
-0.0947880715718
-0.0264254654222
0.0470971674905
0.0415019463417
-0.00473250778053
-0.0879346436253
0.0147541875071
-0.00315001213214
-0.0168049916466
0.0466362820078
0.010259481777
-0.0766771498006
-0.0496526580771
0.0599548106575
0.0838081036654
0.045635854476
0.00984822669679
-0.00614546022034
0.0866238210808
-0.00720169157397
-0.0676041038237
0.0798550359308
0.0186347762455
-0.0282544316027
-0.0842807010033
-0.075080102316
-0.0573541862041
0.082475318721
0.00364827845048
0.0691083352146
0.0356213373045
-0.0118164437437
-0.0704447824522
-0.0734958477227
-0.0217592531303
0.0996237122962
-0.00556753830235
0.000884458339061
0.0342655469182
0.0604955535068
-0.032635631712
-0.0656500502085
0.098014614044
0.0346352099025
0.0135872122962
-0.0571240541295
0.0982520355388
-0.0175785853076
0.0571332889084
0.00222593579908
-0.0724421654641
0.00795930533592
0.00763130535341
-0.0946737467921
0.0222539718454
-0.0983613007733
0.0376746348736
-0.0486352911753
0.0430984416446
0.0660891346194
-0.0573129947333
-0.0244952905113
-0.0736301514815
0.0150730397054
0.000708323949858
0.0805727697041
-0.0931578389107
-0.0900187231938
0.0881008500678
0.0768575298913
-0.0148886181047
-0.0102432620884
0.0289971434481
-0.0366701435235
-0.0622234193621
0.0360565206674
0.0965356312064
-0.0662193290861
0.0335182792822
-0.0352185863353
-0.0567067598192
0.0650639646452
0.0600336176442
0.0796746804586
0.0755947471475
0.0891847232563
0.0838379029878
0.091005658043
-0.0441633904878
-0.0237636507807
-0.0564310175866
-0.0876682753407
-0.0262968747452
-0.0619646596489
-0.0678688752986
-0.0252052526232
0.0277247304325
0.00156981396995
0.0762876281081
-0.000638373480321
-0.0211953337572
-0.00113245618148
-0.0637113910155
-0.0739329255705
0.0289245857929
-0.0803903861077
0.0274835227246
0.0453733119473
-0.0627456269632
0.0343566295767
-0.0948169473295
-0.0075217520951
0.0242501810106
0.0957255031775
0.0694210927442
0.0271308821335
0.0286383075931
0.0370499892704
-0.00958083800308
-0.0875084983654
-0.0568707468283
-0.00283339506024
-0.0426270786575
0.0564937487835
-0.0636618549208
-0.0554612956984
-0.0917574930344
-0.0988998156563
-0.0649532688118
0.0271848154337
0.0168721674661
-0.0786541306563
0.0694686922226
0.0161604990942
0.0328499499941
-0.0744384192603
-0.0931000078648
-0.0143135946358
0.0450161511076
-0.0319864078065
-0.0571295253584
-0.0393031735872
0.0539683277908
0.0185000970072
-0.0602223862224
0.0952588497901
0.0367708189547
-0.0332177626764
0.054490032754
0.0521084224562
0.0656161955291
0.0565024840709
-0.0307709782198
0.0800609016203
0.0509363843859
0.0703178010747
0.039704065007
0.00458420007693
-0.00641376974822
-0.0811846648571
0.0139068432568
-0.0653290425252
0.061521433697
0.0839895160906
0.0581819061525
0.0232151887916
0.0549433596417
0.082984639409
0.0645934245222
-0.08597157022
0.0590584561811
-0.0609453445806
0.0667747472189
-0.0479587752985
0.0644550505069
-0.0758642798866
-0.0985145752916
-0.0445344853395
0.00125596845141
0.0711627271011
-0.0831558452217
0.0479715036105
-0.0892404707584
0.0843602662296
-0.088877374066
0.0080408959485
-0.0427233934094
-0.046290948806
0.0241561984269
-0.0646405506171
-0.00662977341876
0.0599403472539
0.0289683493965
0.0641659890789
0.0655551363489
0.086118401543
0.0332346415919
-0.0780786972313
-0.0834604089665
0.0174690583777
0.0908516437981
-0.0454017102397
-0.0648156343272
-0.0834506454403
-0.0445046235095
0.0482925296707
0.056091512778
0.0285641109308
-0.0620013016095
-0.0527463319089
-0.0479957840199
-0.0246795838767
-0.0300738671942
0.031401641016
-0.00592600497591
0.0507526029751
0.0255715981481
-0.038614753628
0.0731283773539
-0.0556551221787
0.0033891528243
0.0574536482396
0.0375039942688
0.039819347998
-0.0909027138018
-0.0501524757953
-0.0824483029738
0.010858446365
-0.0852850377139
-0.0417316898817
-0.0426852744507
-0.0428807144101
-0.0795948781604
-0.0547669657354
0.0911051779778
0.0125768789543
0.0225348027592
0.0165614297057
0.047655000411
-0.00235780028028
0.0799658410538
-0.00203746664008
0.0703144082453
-0.0843473780473
-0.0314168376492
0.0351534272234
0.0393692739196
-0.0332814968562
-0.0167058976918
-0.0638891144577
0.0443485939808
-0.0846374477875
0.0845293214798
-0.0901554592147
-0.0770447068531
0.0356919038184
0.0565078588681
0.0685514019925
0.0572120844466
0.042076582027
0.0704614003526
0.00456699743598
-0.0582340266082
-0.0510441557455
-0.0653487213728
-0.0406715987626
0.0968129703791
0.0219950099015
-0.00595842882159
-0.0901034973851
-0.0876314861164
0.0966697270965
-0.00969612229515
0.0964665541833
-0.00632040384243
-0.0460236548516
0.0693006457756
-0.0414913550743
0.089928738576
-0.0172204542538
0.0954055894398
0.0239220897357
0.03050320182
-0.040719051632
0.0499347399733
0.0536375814884
0.0649620000055
0.0605244318048
0.0885896126627
0.0475356514981
-0.0360520651252
-0.0980571627683
-0.0877528883398
0.0866678646711
-0.056757478061
-0.0941930377912
-0.0650127300183
-0.0791459893715
0.061647579892
-0.0308219686154
0.0313416038407
0.0984353892233
0.0458783677855
0.0935121768366
0.023859112263
-0.0949392344221
-0.0925703819212
-0.033238190319
-0.0754479343887
0.0175237377208
-0.0816913414785
0.0429630317254
-0.0126953639867
0.0512051717212
0.0323479159141
-0.0196176022082
-0.0395236482909
0.0911241829294
-0.048882203469
0.0394322182922
0.0768530674596
0.0349569806313
-0.0615306747079
0.0345029272683
-0.0142798697299
0.0315057015048
0.0995052685968
-0.00778469237483
0.00949198415945
-0.0338768846641
-0.0165266316514
0.0948463644701
0.0698923467742
0.0463799926302
0.011452283293
0.000137331334139
-0.0116992969074
-0.0125696488162
0.0905983587761
0.0387093902633
-0.0394562334487
0.0809685827573
0.0177540076573
0.0926401138933
0.0121696202928
0.06283890308
-0.0976699980381
-0.0802924205589
-0.0192345000363
0.0129848682882
0.0373945405038
0.0652153716583
-0.0851836243047
0.000195963843114
-0.00873527430383
-0.0658413113815
0.092818770889
0.0778791779833
-0.0603434428565
-0.0657736936976
-0.069725578416
0.0786540079494
0.0438448849099
-0.0514496122134
-0.00558777916098
-0.050663020081
-0.040308903663
0.0166992544412
0.0910660000588
0.0561520132691
0.056177365172
0.0586727480707
0.0514365193699
0.0785476282432
0.00908806853893
0.0785514278459
0.0929964717611
-0.0843539308416
-0.0662343977763
-0.0485391553467
0.0540250921621
0.0464838978412
0.0400804979924
0.0874263409522
-0.00535036568197
0.0623625271828
-0.020411478915
-0.0500800910412
0.066854743337
0.0968729215131
-0.0924009188319
0.0249373160185
0.0229941365378
0.0955096914883
0.0396532986135
-0.0560485285434
-0.0155779185133
0.0145752623093
-0.000724372495157
-0.0121249695036
-0.0288220015339
0.0855824503555
0.0738202170134
0.0872934543943
-0.0462505590913
0.00321914797089
0.00192097093676
0.00219962628565
-0.034514587239
0.0900592377114
-0.0799731076013
-0.0487610155773
-0.0269722263368
-0.0818236481606
-0.0961220823286
-0.0514321851388
-0.00110503719306
-0.00968963284316
0.0414075193697
-0.0702849991021
0.0296869809057
0.0488947403066
0.0077556247966
-0.0689305516745
0.0226236705999
-0.0248889284852
0.0244872691408
-0.0300182197603
0.0698480798158
-0.0396719022637
0.0276570677627
0.0701756649522
-0.0514828346185
-0.00454217713649
0.0384926421303
-0.0355173893436
-0.0966689237482
-0.0862122332672
0.0010172105356
-0.0987183493758
0.0104931911846
-0.0505710153186
0.0859208595345
0.0237316962292
-0.0462928105234
0.0653138449724
-0.0699434212395
0.0859405853591
0.00188604853032
-0.0500081476882
0.0300489496097
0.0110683383682
-0.0866259170154
-0.0510918257412
-0.0925528797698
-0.00313039219258
-0.0706887119287
-0.0626092827379
0.0926759250909
0.0269291497275
-0.0982167518917
0.040673286055
-0.06653544019
-0.0620106582934
-0.0276864988622
-0.0498034192583
0.0584382134522
-0.0706499731051
-0.021360465979
-0.0389181505876
0.0595119936734
0.00618643666835
-0.0682796877063
-0.00701717909862
-0.0721538814808
-0.0608818514908
-0.0273222895316
-0.0371875666958
0.0740078345256
-0.0232718842929
0.0812101176941
0.0189954715707
0.0909361379635
-0.051086949676
0.0114427542404
0.0384988834118
0.0253526892061
-0.0801195456457
-0.0441472612445
-0.00998647503483
-0.0320463188174
-0.0211480766495
-0.0855893706312
-0.0217894836211
-0.00837054571044
-0.0398324515265
-0.0830004341342
-0.0960054177183
0.0368249758696
-0.0225615609337
0.0514164866674
0.0576852750607
-0.0527065906748
0.0677762305624
0.0651094441571
0.0292305526706
0.0621571280473
0.0436912915851
0.0673804848679
0.0923853764553
0.0908763647643
-0.0187538810146
0.069864484907
0.0480053935645
0.0755254371825
0.0339940891553
-0.0640671029414
-0.0602104802891
0.0219620707673
-0.0449950179398
0.0444721230208
-0.000194518652881
0.0732712110858
0.0592210189028
-0.0835260795482
-0.066788813729
-0.010996853433
-0.0187522890432
-0.00373814545327
-0.0674677951521
-0.0770452357839
-0.0855246978501
0.0557522645934
-0.0932118330653
0.0696558668539
-0.0901242099585
-0.0742855743557
-0.0655284886301
-0.0673852222862
-0.0306479173403
0.0821453578338
-0.024432256765
0.0875736279867
-0.0557839477653
0.0339403708919
0.0535461664314
-0.0071735563307
0.000606072901668
-0.0276726328841
0.0835549393989
-0.0379705337511
-0.0195574214922
-0.0606515459117
0.0826816752284
-0.0033980351589
0.0148131928418
-0.033071432254
-0.0976813915511
-0.0207617263056
0.0393995992104
0.069819844199
0.0773334726092
0.0803878923031
0.015760458145
0.0587206377497
0.0513801704148
-0.0851553140275
-0.0417343546603
-0.0554423198311
-0.048652176009
-0.0892438097541
0.0864614286325
0.0660121395547
0.0760167889091
-0.0792472816492
-0.0534683638276
0.025867349069
0.0236590498756
